CANDIDATE: (>[4](AnchorPeano[1,2,3,4,5,6])(>[7,8,9](in3[7,8,9,4])(>[10](in3[8,7,10,4])(>[11,12](in3[9,11,12,4])(in3[10,11,12,4])))))
DEAD SET SIZE: 30
DEAD SET:
  (>[2,4](AnchorPeano[1,2,3,4,5,6])(>[7,8](in3[8,7,2,4])(in3[7,8,2,4])))
  (>[3,4,5](AnchorPeano[1,2,3,4,5,6])(>[10,11](in2[10,11,3])(>[7,8](in3[10,7,8,5])(>[9](in3[11,7,9,5])(in3[7,8,9,4])))))
  (>[3,4,5](AnchorPeano[1,2,3,4,5,6])(>[10,11](in2[10,11,3])(>[7,8](in3[10,7,8,5])(>[9](in3[7,11,9,5])(in3[7,8,9,4])))))
  (>[3,4,5](AnchorPeano[1,2,3,4,5,6])(>[10,11](in2[10,11,3])(>[7,8](in3[10,8,7,5])(>[9](in3[11,8,9,5])(in3[7,8,9,4])))))
  (>[3,4,5](AnchorPeano[1,2,3,4,5,6])(>[10,11](in2[10,11,3])(>[7,8](in3[10,8,7,5])(>[9](in3[8,11,9,5])(in3[7,8,9,4])))))
  (>[3,4,5](AnchorPeano[1,2,3,4,5,6])(>[10,11](in2[10,11,3])(>[7,8](in3[8,10,7,5])(>[9](in3[8,11,9,5])(in3[7,8,9,4])))))
  (>[3,4,5](AnchorPeano[1,2,3,4,5,6])(>[7,8,9](in3[7,8,9,4])(>[10,11](in2[10,11,3])(>[](in3[10,7,8,5])(in3[11,7,9,5])))))
  (>[3,4,5](AnchorPeano[1,2,3,4,5,6])(>[7,8,9](in3[7,8,9,4])(>[10,11](in2[10,11,3])(>[](in3[10,7,8,5])(in3[7,11,9,5])))))
  (>[3,4,5](AnchorPeano[1,2,3,4,5,6])(>[7,8,9](in3[7,8,9,4])(>[10,11](in2[10,11,3])(>[](in3[10,8,7,5])(in3[8,11,9,5])))))
  (>[3,4,5](AnchorPeano[1,2,3,4,5,6])(>[7,8,9](in3[7,8,9,4])(>[10,11](in2[10,11,3])(>[](in3[7,10,8,5])(in3[7,11,9,5])))))
  (>[3,4,5](AnchorPeano[1,2,3,4,5,6])(>[7,8,9](in3[7,8,9,4])(>[10,11](in2[10,11,3])(>[](in3[8,10,7,5])(in3[8,11,9,5])))))
  (>[3,4](AnchorPeano[1,2,3,4,5,6])(>[10,7](in2[7,10,3])(>[11,8](in2[11,8,3])(>[9](in3[10,11,9,4])(in3[7,8,9,4])))))
  (>[3,4](AnchorPeano[1,2,3,4,5,6])(>[10,7](in2[7,10,3])(>[11,8](in2[11,8,3])(>[9](in3[11,10,9,4])(in3[7,8,9,4])))))
  (>[3,4](AnchorPeano[1,2,3,4,5,6])(>[10,8](in2[8,10,3])(>[11,7](in2[11,7,3])(>[9](in3[10,11,9,4])(in3[7,8,9,4])))))
  (>[3,4](AnchorPeano[1,2,3,4,5,6])(>[7,8,9](in3[7,8,9,4])(>[10](in2[7,10,3])(>[11](in2[11,8,3])(in3[10,11,9,4])))))
  (>[3,4](AnchorPeano[1,2,3,4,5,6])(>[7,8,9](in3[7,8,9,4])(>[10](in2[7,10,3])(>[11](in2[9,11,3])(in3[10,8,11,4])))))
  (>[3,4](AnchorPeano[1,2,3,4,5,6])(>[7,8,9](in3[7,8,9,4])(>[10](in2[7,10,3])(>[11](in2[9,11,3])(in3[8,10,11,4])))))
  (>[3,4](AnchorPeano[1,2,3,4,5,6])(>[7,8,9](in3[7,8,9,4])(>[10](in2[7,10,3])(>[11](in3[10,8,11,4])(in2[9,11,3])))))
  (>[3,4](AnchorPeano[1,2,3,4,5,6])(>[7,8,9](in3[7,8,9,4])(>[10](in2[7,10,3])(>[11](in3[8,10,11,4])(in2[9,11,3])))))
  (>[3,4](AnchorPeano[1,2,3,4,5,6])(>[7,8,9](in3[7,8,9,4])(>[10](in2[8,10,3])(>[11](in2[11,7,3])(in3[10,11,9,4])))))
  (>[3,4](AnchorPeano[1,2,3,4,5,6])(>[7,8,9](in3[7,8,9,4])(>[10](in2[8,10,3])(>[11](in2[9,11,3])(in3[7,10,11,4])))))
  (>[3,4](AnchorPeano[1,2,3,4,5,6])(>[7,8,9](in3[7,8,9,4])(>[10](in2[8,10,3])(>[11](in3[7,10,11,4])(in2[9,11,3])))))
  (>[4,5](AnchorPeano[1,2,3,4,5,6])(>[7,8,9](in3[7,8,9,4])(>[10,11](in3[7,10,11,5])(>[12](in3[8,10,12,5])(>[13](in3[11,12,13,4])(in3[9,10,13,5]))))))
  (>[4,5](AnchorPeano[1,2,3,4,5,6])(>[7,8,9](in3[7,8,9,4])(>[10,11](in3[7,10,11,5])(>[12](in3[8,10,12,5])(>[13](in3[9,10,13,5])(in3[11,12,13,4]))))))
  (>[4,6](AnchorPeano[1,2,3,4,5,6])(>[7,8](in3[8,7,6,4])(in3[7,8,6,4])))
  (>[4](AnchorPeano[1,2,3,4,5,6])(>[7,8,9](in3[7,8,9,4])(>[10,11,12](in3[10,11,12,4])(>[](in3[8,7,10,4])(in3[9,11,12,4])))))
  (>[4](AnchorPeano[1,2,3,4,5,6])(>[7,8,9](in3[7,8,9,4])(>[10,11,12](in3[10,11,12,4])(>[](in3[8,7,11,4])(in3[10,9,12,4])))))
  (>[4](AnchorPeano[1,2,3,4,5,6])(>[7,8,9](in3[7,8,9,4])(>[10](in3[8,7,10,4])(>[11,12](in3[9,11,12,4])(in3[10,11,12,4])))))
  (>[4](AnchorPeano[1,2,3,4,5,6])(>[7,8,9](in3[7,8,9,4])(>[11](in3[8,7,11,4])(>[10,12](in3[10,9,12,4])(in3[10,11,12,4])))))
  (>[5](AnchorPeano[1,2,3,4,5,6])(>[7,8,9](in3[7,8,9,5])(>[10,12](in3[8,12,10,5])(>[11](in3[9,12,11,5])(in3[7,10,11,5])))))

NOT DERIVABLE: node 36 = (>[4](AnchorPeano[1,2,3,4,5,6])(>[7,8,9](in3[7,8,9,4])(>[10,11,12](in3[10,11,12,4])(>[](in3[8,7,11,4])(in3[10,9,12,4])))))
NOT DERIVABLE: node 37 = (>[4](AnchorPeano[1,2,3,4,5,6])(>[7,8,9](in3[7,8,9,4])(>[11](in3[8,7,11,4])(>[10,12](in3[10,9,12,4])(in3[10,11,12,4])))))
NOT DERIVABLE: node 38 = (>[4](AnchorPeano[1,2,3,4,5,6])(>[7,8,9](in3[7,8,9,4])(>[10,11,12](in3[10,11,12,4])(>[](in3[8,7,10,4])(in3[9,11,12,4])))))
NOT DERIVABLE: node 39 = (>[4](AnchorPeano[1,2,3,4,5,6])(>[7,8,9](in3[7,8,9,4])(>[10](in3[8,7,10,4])(>[11,12](in3[9,11,12,4])(in3[10,11,12,4])))))
