0	(>[3,4,5](AnchorPeano[1,2,3,4,5,6])(>[7,8,9](in3[7,8,9,4])(>[10,11](in2[10,11,3])(>[](in3[8,10,7,5])(in3[8,11,9,5])))))
1	(>[3,4,5](AnchorPeano[1,2,3,4,5,6])(>[10,11](in2[10,11,3])(>[7,8](in3[8,10,7,5])(>[9](in3[8,11,9,5])(in3[7,8,9,4])))))
2	(>[3,4](AnchorPeano[1,2,3,4,5,6])(>[7,8,9](in3[7,8,9,4])(>[10](in2[8,10,3])(>[11](in2[9,11,3])(in3[7,10,11,4])))))
3	(>[3,4](AnchorPeano[1,2,3,4,5,6])(>[7,8,9](in3[7,8,9,4])(>[10](in2[8,10,3])(>[11](in3[7,10,11,4])(in2[9,11,3])))))
4	(>[3,4,6](AnchorPeano[1,2,3,4,5,6])(>[7,8](in2[7,8,3])(in3[6,7,8,4])))
5	(>[3,4,6](AnchorPeano[1,2,3,4,5,6])(>[7,8](in3[6,7,8,4])(in2[7,8,3])))
6	(>[2,4](AnchorPeano[1,2,3,4,5,6])(>[7,8](in3[2,7,8,4])(in3[7,2,8,4])))
7	(>[2,4](AnchorPeano[1,2,3,4,5,6])(>[7,8](in3[7,2,8,4])(in3[2,7,8,4])))
8	(>[2,5](AnchorPeano[1,2,3,4,5,6])(>[7,8](in3[2,7,8,5])(in3[7,2,8,5])))
9	(>[2,5](AnchorPeano[1,2,3,4,5,6])(>[7,8](in3[7,2,8,5])(in3[2,7,8,5])))
10	(>[4](AnchorPeano[1,2,3,4,5,6])(>[7,8,9](in3[7,8,9,4])(>[10,11](in3[7,10,11,4])(>[12](in3[8,12,10,4])(in3[9,12,11,4])))))
11	(>[4](AnchorPeano[1,2,3,4,5,6])(>[7,8,9](in3[7,8,9,4])(>[10,12](in3[8,12,10,4])(>[11](in3[9,12,11,4])(in3[7,10,11,4])))))
12	(>[3,4](AnchorPeano[1,2,3,4,5,6])(>[7,8,9](in3[7,8,9,4])(>[10](in2[7,10,3])(>[11](in2[9,11,3])(in3[10,8,11,4])))))
13	(>[3,4](AnchorPeano[1,2,3,4,5,6])(>[7,8,9](in3[7,8,9,4])(>[10](in2[7,10,3])(>[11](in3[10,8,11,4])(in2[9,11,3])))))
14	(>[3,4,6](AnchorPeano[1,2,3,4,5,6])(>[7,8](in2[7,8,3])(in3[7,6,8,4])))
15	(>[3,4,6](AnchorPeano[1,2,3,4,5,6])(>[7,8](in3[7,6,8,4])(in2[7,8,3])))
16	(>[3,4](AnchorPeano[1,2,3,4,5,6])(>[7,8,9](in3[7,8,9,4])(>[10](in2[8,10,3])(>[11](in2[11,7,3])(in3[10,11,9,4])))))
17	(>[3,4](AnchorPeano[1,2,3,4,5,6])(>[10,8](in2[8,10,3])(>[11,7](in2[11,7,3])(>[9](in3[10,11,9,4])(in3[7,8,9,4])))))
18	(>[3,4](AnchorPeano[1,2,3,4,5,6])(>[7,8,9](in3[7,8,9,4])(>[10](in2[8,10,3])(>[11](in2[9,11,3])(in3[10,7,11,4])))))
19	(>[3,4](AnchorPeano[1,2,3,4,5,6])(>[7,8,9](in3[7,8,9,4])(>[10](in2[8,10,3])(>[11](in3[10,7,11,4])(in2[9,11,3])))))
20	(>[4](AnchorPeano[1,2,3,4,5,6])(>[7,8,9](in3[7,8,9,4])(in3[8,7,9,4])))
21	(>[4](AnchorPeano[1,2,3,4,5,6])(>[7,8,9](in3[8,7,9,4])(in3[7,8,9,4])))
22	(>[4](AnchorPeano[1,2,3,4,5,6])(>[7,8,9](in3[7,8,9,4])(>[10,11](in3[7,10,11,4])(>[12](in3[9,10,12,4])(in3[11,8,12,4])))))
23	(>[4](AnchorPeano[1,2,3,4,5,6])(>[7,8,9](in3[7,8,9,4])(>[10,11](in3[7,10,11,4])(>[12](in3[11,8,12,4])(in3[9,10,12,4])))))
24	(>[3,4](AnchorPeano[1,2,3,4,5,6])(>[7,8,9](in3[7,8,9,4])(>[10](in2[7,10,3])(>[11](in2[9,11,3])(in3[8,10,11,4])))))
25	(>[3,4](AnchorPeano[1,2,3,4,5,6])(>[7,8,9](in3[7,8,9,4])(>[10](in2[7,10,3])(>[11](in3[8,10,11,4])(in2[9,11,3])))))
26	(>[4,6](AnchorPeano[1,2,3,4,5,6])(>[7,8](in3[6,7,8,4])(in3[7,6,8,4])))
27	(>[4,6](AnchorPeano[1,2,3,4,5,6])(>[7,8](in3[7,6,8,4])(in3[6,7,8,4])))
28	(>[4,5](AnchorPeano[1,2,3,4,5,6])(>[7,8,9](in3[7,8,9,5])(>[10,11](in3[7,10,11,5])(>[12,13](in3[7,12,13,5])(>[](in3[8,10,12,4])(in3[9,11,13,4]))))))
29	(>[4,5](AnchorPeano[1,2,3,4,5,6])(>[7,8,9](in3[7,8,9,5])(>[10,11](in3[7,10,11,5])(>[12](in3[8,10,12,4])(>[13](in3[9,11,13,4])(in3[7,12,13,5]))))))
30	(>[3,4](AnchorPeano[1,2,3,4,5,6])(>[7,8,9](in3[7,8,9,4])(>[10](in2[7,10,3])(>[11](in2[11,8,3])(in3[10,11,9,4])))))
31	(>[3,4](AnchorPeano[1,2,3,4,5,6])(>[10,7](in2[7,10,3])(>[11,8](in2[11,8,3])(>[9](in3[10,11,9,4])(in3[7,8,9,4])))))
32	(>[3,4](AnchorPeano[1,2,3,4,5,6])(>[7,8,9](in3[7,8,9,4])(>[10](in2[7,10,3])(>[11](in2[11,8,3])(in3[11,10,9,4])))))
33	(>[3,4](AnchorPeano[1,2,3,4,5,6])(>[10,7](in2[7,10,3])(>[11,8](in2[11,8,3])(>[9](in3[11,10,9,4])(in3[7,8,9,4])))))
34	(>[4](AnchorPeano[1,2,3,4,5,6])(>[7,8,9](in3[7,8,9,4])(>[10,11](in3[7,10,11,4])(>[12](in3[12,8,10,4])(in3[12,9,11,4])))))
35	(>[4](AnchorPeano[1,2,3,4,5,6])(>[7,8,9](in3[7,8,9,4])(>[10,12](in3[12,8,10,4])(>[11](in3[12,9,11,4])(in3[7,10,11,4])))))
36	(>[4](AnchorPeano[1,2,3,4,5,6])(>[7,8,9](in3[7,8,9,4])(>[10,11,12](in3[10,11,12,4])(>[](in3[8,7,11,4])(in3[10,9,12,4])))))
37	(>[4](AnchorPeano[1,2,3,4,5,6])(>[7,8,9](in3[7,8,9,4])(>[11](in3[8,7,11,4])(>[10,12](in3[10,9,12,4])(in3[10,11,12,4])))))
38	(>[4](AnchorPeano[1,2,3,4,5,6])(>[7,8,9](in3[7,8,9,4])(>[10,11,12](in3[10,11,12,4])(>[](in3[8,7,10,4])(in3[9,11,12,4])))))
39	(>[4](AnchorPeano[1,2,3,4,5,6])(>[7,8,9](in3[7,8,9,4])(>[10](in3[8,7,10,4])(>[11,12](in3[9,11,12,4])(in3[10,11,12,4])))))
40	(>[4](AnchorPeano[1,2,3,4,5,6])(>[7,8,9](in3[7,8,9,4])(>[10,11](in3[8,10,11,4])(>[12](in3[12,10,7,4])(in3[11,12,9,4])))))
41	(>[4](AnchorPeano[1,2,3,4,5,6])(>[10,11,8](in3[8,10,11,4])(>[12,7](in3[12,10,7,4])(>[9](in3[11,12,9,4])(in3[7,8,9,4])))))
42	(>[4](AnchorPeano[1,2,3,4,5,6])(>[7,8,9](in3[7,8,9,4])(>[10,11](in3[7,10,11,4])(>[12](in3[8,11,12,4])(in3[10,9,12,4])))))
43	(>[4](AnchorPeano[1,2,3,4,5,6])(>[7,8,9](in3[7,8,9,4])(>[10,11](in3[7,10,11,4])(>[12](in3[10,9,12,4])(in3[8,11,12,4])))))
44	(>[2,4](AnchorPeano[1,2,3,4,5,6])(>[7,8](in3[7,8,2,4])(in3[8,7,2,4])))
45	(>[2,4](AnchorPeano[1,2,3,4,5,6])(>[7,8](in3[8,7,2,4])(in3[7,8,2,4])))
46	(>[4,6](AnchorPeano[1,2,3,4,5,6])(>[7,8](in3[7,8,6,4])(in3[8,7,6,4])))
47	(>[4,6](AnchorPeano[1,2,3,4,5,6])(>[7,8](in3[8,7,6,4])(in3[7,8,6,4])))
48	(>[3,4,5](AnchorPeano[1,2,3,4,5,6])(>[7,8,9](in3[7,8,9,4])(>[10,11](in2[10,11,3])(>[](in3[10,7,8,5])(in3[11,7,9,5])))))
49	(>[3,4,5](AnchorPeano[1,2,3,4,5,6])(>[10,11](in2[10,11,3])(>[7,8](in3[10,7,8,5])(>[9](in3[11,7,9,5])(in3[7,8,9,4])))))
50	(>[3,4,5](AnchorPeano[1,2,3,4,5,6])(>[7,8,9](in3[7,8,9,4])(>[10,11](in2[10,11,3])(>[](in3[7,10,8,5])(in3[7,11,9,5])))))
51	(>[3,4,5](AnchorPeano[1,2,3,4,5,6])(>[10,11](in2[10,11,3])(>[7,8](in3[7,10,8,5])(>[9](in3[7,11,9,5])(in3[7,8,9,4])))))
52	(>[4,5](AnchorPeano[1,2,3,4,5,6])(>[7,8,9](in3[7,8,9,4])(>[10,11](in3[7,10,11,5])(>[12](in3[8,10,12,5])(>[13](in3[9,10,13,5])(in3[11,12,13,4]))))))
53	(>[4,5](AnchorPeano[1,2,3,4,5,6])(>[7,8,9](in3[7,8,9,4])(>[10,11](in3[7,10,11,5])(>[12](in3[8,10,12,5])(>[13](in3[11,12,13,4])(in3[9,10,13,5]))))))
54	(>[3,4,5](AnchorPeano[1,2,3,4,5,6])(>[7,8,9](in3[7,8,9,4])(>[10,11](in2[10,11,3])(>[](in3[10,8,7,5])(in3[11,8,9,5])))))
55	(>[3,4,5](AnchorPeano[1,2,3,4,5,6])(>[10,11](in2[10,11,3])(>[7,8](in3[10,8,7,5])(>[9](in3[11,8,9,5])(in3[7,8,9,4])))))
56	(>[5](AnchorPeano[1,2,3,4,5,6])(>[7,8,9](in3[7,8,9,5])(in3[8,7,9,5])))
57	(>[5](AnchorPeano[1,2,3,4,5,6])(>[7,8,9](in3[8,7,9,5])(in3[7,8,9,5])))
58	(>[3,4,5](AnchorPeano[1,2,3,4,5,6])(>[7,8,9](in3[7,8,9,4])(>[10,11](in2[10,11,3])(>[](in3[10,7,8,5])(in3[7,11,9,5])))))
59	(>[3,4,5](AnchorPeano[1,2,3,4,5,6])(>[10,11](in2[10,11,3])(>[7,8](in3[10,7,8,5])(>[9](in3[7,11,9,5])(in3[7,8,9,4])))))
60	(>[3,4,5](AnchorPeano[1,2,3,4,5,6])(>[7,8,9](in3[7,8,9,4])(>[10,11](in2[10,11,3])(>[](in3[10,8,7,5])(in3[8,11,9,5])))))
61	(>[3,4,5](AnchorPeano[1,2,3,4,5,6])(>[10,11](in2[10,11,3])(>[7,8](in3[10,8,7,5])(>[9](in3[8,11,9,5])(in3[7,8,9,4])))))
62	(>[5](AnchorPeano[1,2,3,4,5,6])(>[7,8,9](in3[7,8,9,5])(>[10,11](in3[7,10,11,5])(>[12](in3[8,12,10,5])(in3[9,12,11,5])))))
63	(>[5](AnchorPeano[1,2,3,4,5,6])(>[7,8,9](in3[7,8,9,5])(>[10,12](in3[8,12,10,5])(>[11](in3[9,12,11,5])(in3[7,10,11,5])))))
