(>[2,4](AnchorPeano[1,2,3,4,5,6])(>[7,8](in3[2,7,8,4])(in3[7,2,8,4])))
(>[5,2](AnchorPeano[1,2,3,4,5,6])(>[8,7](in3[7,2,8,5])(in3[2,7,8,5])))
(>[4,6](AnchorPeano[1,2,3,4,5,6])(>[7,8](in3[8,7,6,4])(in3[7,8,6,4])))
(>[2,4,6](AnchorPeano[1,2,3,4,5,6])(>[7](in3[2,6,7,4])(in3[6,2,7,4])))
(>[4,3](AnchorPeano[1,2,3,4,5,6])(>[7,10](in2[7,10,3])(>[11,8](in2[11,8,3])(>[9](in3[7,8,9,4])(in3[10,11,9,4])))))
(>[2,5](AnchorPeano[1,2,3,4,5,6])(>[7,8](in3[7,2,8,5])(in3[2,7,8,5])))
(>[4,6](AnchorPeano[1,2,3,4,5,6])(>[7,8](in3[7,8,6,4])(in3[8,7,6,4])))
(>[4,6](AnchorPeano[1,2,3,4,5,6])(>[7,8](in3[6,7,8,4])(in3[7,6,8,4])))
(>[i0,s,+,i1](AnchorPeano[N,i0,s,+,*,i1])(>[i2](in3[i1,i2,i0,+])(in2[i2,i0,s])))
(>[4](AnchorPeano[1,2,3,4,5,6])(>[9,8,7](in3[7,8,9,4])(>[11,10](in3[7,10,11,4])(>[12](in3[8,11,12,4])(in3[10,9,12,4])))))
(>[3,4](AnchorPeano[1,2,3,4,5,6])(>[10,7](in2[7,10,3])(>[11,8](in2[11,8,3])(>[9](in3[10,11,9,4])(in3[7,8,9,4])))))
(>[2,3,4,6](AnchorPeano[1,2,3,4,5,6])(>[7](in3[6,7,2,4])(in2[7,2,3])))
(>[4,2,6,3](AnchorPeano[1,2,3,4,5,6])(>[7](in3[7,6,2,4])(in2[7,2,3])))
(>[4,2](AnchorPeano[1,2,3,4,5,6])(>[8,7](in3[7,2,8,4])(in3[2,7,8,4])))
(>[5,6,2](AnchorPeano[1,2,3,4,5,6])(>[7](in3[2,7,6,5])(in3[7,2,6,5])))
(>[4,5](AnchorPeano[1,2,3,4,5,6])(>[7,8,9](in3[7,8,9,5])(>[10,11](in3[7,10,11,5])(>[12,13](in3[7,12,13,5])(>[](in3[8,10,12,4])(in3[9,11,13,4]))))))
(>[4,6](AnchorPeano[1,2,3,4,5,6])(>[7,8](in3[7,6,8,4])(in3[6,7,8,4])))
(>[5](AnchorPeano[1,2,3,4,5,6])(>[9,8,7](in3[7,8,9,5])(in3[8,7,9,5])))
(>[4,6,2](AnchorPeano[1,2,3,4,5,6])(>[7](in3[7,2,6,4])(in3[2,7,6,4])))
(>[4,6,2](AnchorPeano[1,2,3,4,5,6])(>[7](in3[2,6,7,4])(in3[6,2,7,4])))
(>[2,3,4,6](AnchorPeano[1,2,3,4,5,6])(>[7](in2[7,2,3])(in3[7,6,2,4])))
(>[4,6,3](AnchorPeano[1,2,3,4,5,6])(>[8,7](in2[7,8,3])(in3[7,6,8,4])))
(>[4,2,6,3](AnchorPeano[1,2,3,4,5,6])(>[7](in2[7,2,3])(in3[6,7,2,4])))
(>[5,6,2](AnchorPeano[1,2,3,4,5,6])(>[7](in3[7,2,6,5])(in3[2,7,6,5])))
(>[4,6,3](AnchorPeano[1,2,3,4,5,6])(>[8,7](in3[7,6,8,4])(in2[7,8,3])))
(>[5](AnchorPeano[1,2,3,4,5,6])(>[9,8,7](in3[7,8,9,5])(>[10,12](in3[8,12,10,5])(>[11](in3[9,12,11,5])(in3[7,10,11,5])))))
(>[2,4,6](AnchorPeano[1,2,3,4,5,6])(>[7](in3[6,2,7,4])(in3[2,6,7,4])))
(>[5](AnchorPeano[1,2,3,4,5,6])(>[7,8,9](in3[8,7,9,5])(in3[7,8,9,5])))
(>[2,5,6](AnchorPeano[1,2,3,4,5,6])(>[7](in3[7,2,6,5])(in3[2,7,6,5])))
(>[2,4,6](AnchorPeano[1,2,3,4,5,6])(>[7](in3[7,6,2,4])(in3[6,7,2,4])))
(>[2,4](AnchorPeano[1,2,3,4,5,6])(>[7,8](in3[7,2,8,4])(in3[2,7,8,4])))
(>[5,4](AnchorPeano[1,2,3,4,5,6])(>[9,8,7](in3[7,8,9,5])(>[11,10](in3[7,10,11,5])(>[12](in3[8,10,12,4])(>[13](in3[7,12,13,5])(in3[9,11,13,4]))))))
(>[4,6,2](AnchorPeano[1,2,3,4,5,6])(>[7](in3[6,7,2,4])(in3[7,6,2,4])))
(>[5](AnchorPeano[1,2,3,4,5,6])(>[7,8,9](in3[7,8,9,5])(>[10,11](in3[7,10,11,5])(>[12](in3[8,12,10,5])(in3[9,12,11,5])))))
(>[3,4,6](AnchorPeano[1,2,3,4,5,6])(>[7,8](in3[7,6,8,4])(in2[7,8,3])))
(>[2,5,6](AnchorPeano[1,2,3,4,5,6])(>[7](in3[2,7,6,5])(in3[7,2,6,5])))
(>[4,5](AnchorPeano[1,2,3,4,5,6])(>[7,8,9](in3[7,8,9,5])(>[10,11](in3[7,10,11,5])(>[12](in3[8,10,12,4])(>[13](in3[9,11,13,4])(in3[7,12,13,5]))))))
(>[5,2](AnchorPeano[1,2,3,4,5,6])(>[8,7](in3[2,7,8,5])(in3[7,2,8,5])))
(>[2,4](AnchorPeano[1,2,3,4,5,6])(>[7,8](in3[8,7,2,4])(in3[7,8,2,4])))
(>[4](AnchorPeano[1,2,3,4,5,6])(>[7,8,9](in3[7,8,9,4])(>[10](in3[7,10,9,4])(=[8,10]))))
(>[4](AnchorPeano[1,2,3,4,5,6])(>[7,8,9](in3[8,7,9,4])(in3[7,8,9,4])))
(>[2,5](AnchorPeano[1,2,3,4,5,6])(>[7,8](in3[2,7,8,5])(in3[7,2,8,5])))
(>[4,6,2](AnchorPeano[1,2,3,4,5,6])(>[7](in3[6,2,7,4])(in3[2,6,7,4])))
(>[4](AnchorPeano[1,2,3,4,5,6])(>[7,8,9](in3[7,8,9,4])(>[10,11](in3[7,10,11,4])(>[12](in3[10,9,12,4])(in3[8,11,12,4])))))
(>[4,2](AnchorPeano[1,2,3,4,5,6])(>[8,7](in3[2,7,8,4])(in3[7,2,8,4])))
(>[4,2](AnchorPeano[1,2,3,4,5,6])(>[8,7](in3[7,8,2,4])(in3[8,7,2,4])))
(>[5,4](AnchorPeano[1,2,3,4,5,6])(>[9,8,7](in3[7,8,9,5])(>[11,10](in3[7,10,11,5])(>[12](in3[8,10,12,4])(>[13](in3[9,11,13,4])(in3[7,12,13,5]))))))
(>[4](AnchorPeano[1,2,3,4,5,6])(>[9,8,7](in3[7,8,9,4])(in3[8,7,9,4])))
(>[3,4,6](AnchorPeano[1,2,3,4,5,6])(>[7,8](in2[7,8,3])(in3[7,6,8,4])))
(>[2,4,6](AnchorPeano[1,2,3,4,5,6])(>[7](in3[2,7,6,4])(in3[7,2,6,4])))
