(>[4,5,6](NaturalNumbers[1,2,3,4,5,6])(>[7,8,9](in3[7,8,9,5])(>[10,11](in2[10,11,4])(>[](in3[8,10,7,6])(in3[8,11,9,6])))))	direct	-1
(>[4,5,6](NaturalNumbers[1,2,3,4,5,6])(>[10,11](in2[10,11,4])(>[7,8](in3[8,10,7,6])(>[9](in3[8,11,9,6])(in3[7,8,9,5])))))	mirrored statement	(>[4,5,6](NaturalNumbers[1,2,3,4,5,6])(>[7,8,9](in3[7,8,9,5])(>[10,11](in2[10,11,4])(>[](in3[8,10,7,6])(in3[8,11,9,6])))))
(>[4,5](NaturalNumbers[1,2,3,4,5,6])(>[7,8,9](in3[7,8,9,5])(>[10](in2[8,10,4])(>[11](in2[9,11,4])(in3[7,10,11,5])))))	induction	8
(>[4,5](NaturalNumbers[1,2,3,4,5,6])(>[7,8,9](in3[7,8,9,5])(>[10](in2[8,10,4])(>[11](in3[7,10,11,5])(in2[9,11,4])))))	mirrored statement	(>[4,5](NaturalNumbers[1,2,3,4,5,6])(>[7,8,9](in3[7,8,9,5])(>[10](in2[8,10,4])(>[11](in2[9,11,4])(in3[7,10,11,5])))))
(>[3,4,5](NaturalNumbers[1,2,3,4,5,6])(>[7,8](in2[7,8,4])(in3[3,7,8,5])))	induction	7
(>[3,4,5](NaturalNumbers[1,2,3,4,5,6])(>[7,8](in3[3,7,8,5])(in2[7,8,4])))	mirrored statement	(>[3,4,5](NaturalNumbers[1,2,3,4,5,6])(>[7,8](in2[7,8,4])(in3[3,7,8,5])))
(>[2,6](NaturalNumbers[1,2,3,4,5,6])(>[7,8](in3[2,7,8,6])(in3[7,2,8,6])))	induction	7
(>[2,6](NaturalNumbers[1,2,3,4,5,6])(>[7,8](in3[7,2,8,6])(in3[2,7,8,6])))	mirrored statement	(>[2,6](NaturalNumbers[1,2,3,4,5,6])(>[7,8](in3[2,7,8,6])(in3[7,2,8,6])))
(>[2,5](NaturalNumbers[1,2,3,4,5,6])(>[7,8](in3[2,7,8,5])(in3[7,2,8,5])))	induction	7
(>[2,5](NaturalNumbers[1,2,3,4,5,6])(>[7,8](in3[7,2,8,5])(in3[2,7,8,5])))	mirrored statement	(>[2,5](NaturalNumbers[1,2,3,4,5,6])(>[7,8](in3[2,7,8,5])(in3[7,2,8,5])))
(>[4,5](NaturalNumbers[1,2,3,4,5,6])(>[7,8,9](in3[7,8,9,5])(>[10](in2[7,10,4])(>[11](in2[9,11,4])(in3[10,8,11,5])))))	induction	8
(>[4,5](NaturalNumbers[1,2,3,4,5,6])(>[7,8,9](in3[7,8,9,5])(>[10](in2[7,10,4])(>[11](in3[10,8,11,5])(in2[9,11,4])))))	mirrored statement	(>[4,5](NaturalNumbers[1,2,3,4,5,6])(>[7,8,9](in3[7,8,9,5])(>[10](in2[7,10,4])(>[11](in2[9,11,4])(in3[10,8,11,5])))))
(>[5](NaturalNumbers[1,2,3,4,5,6])(>[7,8,9](in3[7,8,9,5])(>[10,11](in3[7,10,11,5])(>[12](in3[8,12,10,5])(in3[9,12,11,5])))))	induction	12
(>[5](NaturalNumbers[1,2,3,4,5,6])(>[7,8,9](in3[7,8,9,5])(>[10,12](in3[8,12,10,5])(>[11](in3[9,12,11,5])(in3[7,10,11,5])))))	mirrored statement	(>[5](NaturalNumbers[1,2,3,4,5,6])(>[7,8,9](in3[7,8,9,5])(>[10,11](in3[7,10,11,5])(>[12](in3[8,12,10,5])(in3[9,12,11,5])))))
(>[4,5](NaturalNumbers[1,2,3,4,5,6])(>[7,8,9](in3[7,8,9,5])(>[10](in2[8,10,4])(>[11](in2[9,11,4])(in3[10,7,11,5])))))	induction	8
(>[4,5](NaturalNumbers[1,2,3,4,5,6])(>[7,8,9](in3[7,8,9,5])(>[10](in2[8,10,4])(>[11](in3[10,7,11,5])(in2[9,11,4])))))	mirrored statement	(>[4,5](NaturalNumbers[1,2,3,4,5,6])(>[7,8,9](in3[7,8,9,5])(>[10](in2[8,10,4])(>[11](in2[9,11,4])(in3[10,7,11,5])))))
(>[4,5](NaturalNumbers[1,2,3,4,5,6])(>[7,8,9](in3[7,8,9,5])(>[10](in2[8,10,4])(>[11](in2[11,7,4])(in3[10,11,9,5])))))	induction	8
(>[4,5](NaturalNumbers[1,2,3,4,5,6])(>[10,8](in2[8,10,4])(>[11,7](in2[11,7,4])(>[9](in3[10,11,9,5])(in3[7,8,9,5])))))	mirrored statement	(>[4,5](NaturalNumbers[1,2,3,4,5,6])(>[7,8,9](in3[7,8,9,5])(>[10](in2[8,10,4])(>[11](in2[11,7,4])(in3[10,11,9,5])))))
(>[5](NaturalNumbers[1,2,3,4,5,6])(>[7,8,9](in3[7,8,9,5])(in3[8,7,9,5])))	induction	8
(>[5](NaturalNumbers[1,2,3,4,5,6])(>[7,8,9](in3[8,7,9,5])(in3[7,8,9,5])))	mirrored statement	(>[5](NaturalNumbers[1,2,3,4,5,6])(>[7,8,9](in3[7,8,9,5])(in3[8,7,9,5])))
(>[5](NaturalNumbers[1,2,3,4,5,6])(>[7,8,9](in3[7,8,9,5])(>[10,11](in3[7,10,11,5])(>[12](in3[9,10,12,5])(in3[11,8,12,5])))))	induction	10
(>[5](NaturalNumbers[1,2,3,4,5,6])(>[7,8,9](in3[7,8,9,5])(>[10,11](in3[7,10,11,5])(>[12](in3[11,8,12,5])(in3[9,10,12,5])))))	mirrored statement	(>[5](NaturalNumbers[1,2,3,4,5,6])(>[7,8,9](in3[7,8,9,5])(>[10,11](in3[7,10,11,5])(>[12](in3[9,10,12,5])(in3[11,8,12,5])))))
(>[5,6](NaturalNumbers[1,2,3,4,5,6])(>[7,8,9](in3[7,8,9,6])(>[10,11](in3[7,10,11,6])(>[12,13](in3[7,12,13,6])(>[](in3[8,10,12,5])(in3[9,11,13,5]))))))	induction	10
(>[5,6](NaturalNumbers[1,2,3,4,5,6])(>[7,8,9](in3[7,8,9,6])(>[10,11](in3[7,10,11,6])(>[12](in3[8,10,12,5])(>[13](in3[9,11,13,5])(in3[7,12,13,6]))))))	mirrored statement	(>[5,6](NaturalNumbers[1,2,3,4,5,6])(>[7,8,9](in3[7,8,9,6])(>[10,11](in3[7,10,11,6])(>[12,13](in3[7,12,13,6])(>[](in3[8,10,12,5])(in3[9,11,13,5]))))))
(>[4,5](NaturalNumbers[1,2,3,4,5,6])(>[7,8,9](in3[7,8,9,5])(>[10](in2[7,10,4])(>[11](in2[11,8,4])(in3[10,11,9,5])))))	induction	7
(>[4,5](NaturalNumbers[1,2,3,4,5,6])(>[10,7](in2[7,10,4])(>[11,8](in2[11,8,4])(>[9](in3[10,11,9,5])(in3[7,8,9,5])))))	mirrored statement	(>[4,5](NaturalNumbers[1,2,3,4,5,6])(>[7,8,9](in3[7,8,9,5])(>[10](in2[7,10,4])(>[11](in2[11,8,4])(in3[10,11,9,5])))))
(>[4,5](NaturalNumbers[1,2,3,4,5,6])(>[7,8,9](in3[7,8,9,5])(>[10](in2[7,10,4])(>[11](in2[9,11,4])(in3[8,10,11,5])))))	induction	8
(>[4,5](NaturalNumbers[1,2,3,4,5,6])(>[7,8,9](in3[7,8,9,5])(>[10](in2[7,10,4])(>[11](in3[8,10,11,5])(in2[9,11,4])))))	mirrored statement	(>[4,5](NaturalNumbers[1,2,3,4,5,6])(>[7,8,9](in3[7,8,9,5])(>[10](in2[7,10,4])(>[11](in2[9,11,4])(in3[8,10,11,5])))))
(>[5](NaturalNumbers[1,2,3,4,5,6])(>[7,8,9](in3[7,8,9,5])(>[10,11,12](in3[10,11,12,5])(>[](in3[8,7,11,5])(in3[10,9,12,5])))))	induction	8
(>[5](NaturalNumbers[1,2,3,4,5,6])(>[7,8,9](in3[7,8,9,5])(>[11](in3[8,7,11,5])(>[10,12](in3[10,9,12,5])(in3[10,11,12,5])))))	mirrored statement	(>[5](NaturalNumbers[1,2,3,4,5,6])(>[7,8,9](in3[7,8,9,5])(>[10,11,12](in3[10,11,12,5])(>[](in3[8,7,11,5])(in3[10,9,12,5])))))
(>[4,5](NaturalNumbers[1,2,3,4,5,6])(>[7,8,9](in3[7,8,9,5])(>[10](in2[7,10,4])(>[11](in2[11,8,4])(in3[11,10,9,5])))))	induction	7
(>[4,5](NaturalNumbers[1,2,3,4,5,6])(>[10,7](in2[7,10,4])(>[11,8](in2[11,8,4])(>[9](in3[11,10,9,5])(in3[7,8,9,5])))))	mirrored statement	(>[4,5](NaturalNumbers[1,2,3,4,5,6])(>[7,8,9](in3[7,8,9,5])(>[10](in2[7,10,4])(>[11](in2[11,8,4])(in3[11,10,9,5])))))
(>[5](NaturalNumbers[1,2,3,4,5,6])(>[7,8,9](in3[7,8,9,5])(>[10,11](in3[7,10,11,5])(>[12](in3[12,8,10,5])(in3[12,9,11,5])))))	induction	7
(>[5](NaturalNumbers[1,2,3,4,5,6])(>[7,8,9](in3[7,8,9,5])(>[10,12](in3[12,8,10,5])(>[11](in3[12,9,11,5])(in3[7,10,11,5])))))	mirrored statement	(>[5](NaturalNumbers[1,2,3,4,5,6])(>[7,8,9](in3[7,8,9,5])(>[10,11](in3[7,10,11,5])(>[12](in3[12,8,10,5])(in3[12,9,11,5])))))
(>[5](NaturalNumbers[1,2,3,4,5,6])(>[7,8,9](in3[7,8,9,5])(>[10,11,12](in3[10,11,12,5])(>[](in3[8,7,10,5])(in3[9,11,12,5])))))	induction	7
(>[5](NaturalNumbers[1,2,3,4,5,6])(>[7,8,9](in3[7,8,9,5])(>[10](in3[8,7,10,5])(>[11,12](in3[9,11,12,5])(in3[10,11,12,5])))))	mirrored statement	(>[5](NaturalNumbers[1,2,3,4,5,6])(>[7,8,9](in3[7,8,9,5])(>[10,11,12](in3[10,11,12,5])(>[](in3[8,7,10,5])(in3[9,11,12,5])))))
(>[5](NaturalNumbers[1,2,3,4,5,6])(>[7,8,9](in3[7,8,9,5])(>[10,11](in3[8,10,11,5])(>[12](in3[12,10,7,5])(in3[11,12,9,5])))))	induction	8
(>[5](NaturalNumbers[1,2,3,4,5,6])(>[10,11,8](in3[8,10,11,5])(>[12,7](in3[12,10,7,5])(>[9](in3[11,12,9,5])(in3[7,8,9,5])))))	mirrored statement	(>[5](NaturalNumbers[1,2,3,4,5,6])(>[7,8,9](in3[7,8,9,5])(>[10,11](in3[8,10,11,5])(>[12](in3[12,10,7,5])(in3[11,12,9,5])))))
(>[5](NaturalNumbers[1,2,3,4,5,6])(>[7,8,9](in3[7,8,9,5])(>[10,11](in3[7,10,11,5])(>[12](in3[8,11,12,5])(in3[10,9,12,5])))))	induction	8
(>[5](NaturalNumbers[1,2,3,4,5,6])(>[7,8,9](in3[7,8,9,5])(>[10,11](in3[7,10,11,5])(>[12](in3[10,9,12,5])(in3[8,11,12,5])))))	mirrored statement	(>[5](NaturalNumbers[1,2,3,4,5,6])(>[7,8,9](in3[7,8,9,5])(>[10,11](in3[7,10,11,5])(>[12](in3[8,11,12,5])(in3[10,9,12,5])))))
(>[4,5,6](NaturalNumbers[1,2,3,4,5,6])(>[7,8,9](in3[7,8,9,5])(>[10,11](in2[10,11,4])(>[](in3[10,7,8,6])(in3[11,7,9,6])))))	induction	7
(>[4,5,6](NaturalNumbers[1,2,3,4,5,6])(>[10,11](in2[10,11,4])(>[7,8](in3[10,7,8,6])(>[9](in3[11,7,9,6])(in3[7,8,9,5])))))	mirrored statement	(>[4,5,6](NaturalNumbers[1,2,3,4,5,6])(>[7,8,9](in3[7,8,9,5])(>[10,11](in2[10,11,4])(>[](in3[10,7,8,6])(in3[11,7,9,6])))))
(>[2,5](NaturalNumbers[1,2,3,4,5,6])(>[7,8](in3[7,8,2,5])(in3[8,7,2,5])))	direct	-1
(>[2,5](NaturalNumbers[1,2,3,4,5,6])(>[7,8](in3[8,7,2,5])(in3[7,8,2,5])))	mirrored statement	(>[2,5](NaturalNumbers[1,2,3,4,5,6])(>[7,8](in3[7,8,2,5])(in3[8,7,2,5])))
(>[3,5](NaturalNumbers[1,2,3,4,5,6])(>[7,8](in3[7,8,3,5])(in3[8,7,3,5])))	direct	-1
(>[3,5](NaturalNumbers[1,2,3,4,5,6])(>[7,8](in3[8,7,3,5])(in3[7,8,3,5])))	mirrored statement	(>[3,5](NaturalNumbers[1,2,3,4,5,6])(>[7,8](in3[7,8,3,5])(in3[8,7,3,5])))
(>[4,5,6](NaturalNumbers[1,2,3,4,5,6])(>[7,8,9](in3[7,8,9,5])(>[10,11](in2[10,11,4])(>[](in3[7,10,8,6])(in3[7,11,9,6])))))	direct	-1
(>[4,5,6](NaturalNumbers[1,2,3,4,5,6])(>[10,11](in2[10,11,4])(>[7,8](in3[7,10,8,6])(>[9](in3[7,11,9,6])(in3[7,8,9,5])))))	mirrored statement	(>[4,5,6](NaturalNumbers[1,2,3,4,5,6])(>[7,8,9](in3[7,8,9,5])(>[10,11](in2[10,11,4])(>[](in3[7,10,8,6])(in3[7,11,9,6])))))
(>[4,5,6](NaturalNumbers[1,2,3,4,5,6])(>[7,8,9](in3[7,8,9,5])(>[10,11](in2[10,11,4])(>[](in3[10,8,7,6])(in3[11,8,9,6])))))	direct	-1
(>[4,5,6](NaturalNumbers[1,2,3,4,5,6])(>[10,11](in2[10,11,4])(>[7,8](in3[10,8,7,6])(>[9](in3[11,8,9,6])(in3[7,8,9,5])))))	mirrored statement	(>[4,5,6](NaturalNumbers[1,2,3,4,5,6])(>[7,8,9](in3[7,8,9,5])(>[10,11](in2[10,11,4])(>[](in3[10,8,7,6])(in3[11,8,9,6])))))
(>[4,5,6](NaturalNumbers[1,2,3,4,5,6])(>[7,8,9](in3[7,8,9,5])(>[10,11](in2[10,11,4])(>[](in3[10,8,7,6])(in3[8,11,9,6])))))	induction	8
(>[4,5,6](NaturalNumbers[1,2,3,4,5,6])(>[10,11](in2[10,11,4])(>[7,8](in3[10,8,7,6])(>[9](in3[8,11,9,6])(in3[7,8,9,5])))))	mirrored statement	(>[4,5,6](NaturalNumbers[1,2,3,4,5,6])(>[7,8,9](in3[7,8,9,5])(>[10,11](in2[10,11,4])(>[](in3[10,8,7,6])(in3[8,11,9,6])))))
(>[4,5,6](NaturalNumbers[1,2,3,4,5,6])(>[7,8,9](in3[7,8,9,5])(>[10,11](in2[10,11,4])(>[](in3[10,7,8,6])(in3[7,11,9,6])))))	induction	7
(>[4,5,6](NaturalNumbers[1,2,3,4,5,6])(>[10,11](in2[10,11,4])(>[7,8](in3[10,7,8,6])(>[9](in3[7,11,9,6])(in3[7,8,9,5])))))	mirrored statement	(>[4,5,6](NaturalNumbers[1,2,3,4,5,6])(>[7,8,9](in3[7,8,9,5])(>[10,11](in2[10,11,4])(>[](in3[10,7,8,6])(in3[7,11,9,6])))))
(>[6](NaturalNumbers[1,2,3,4,5,6])(>[7,8,9](in3[7,8,9,6])(in3[8,7,9,6])))	induction	8
(>[6](NaturalNumbers[1,2,3,4,5,6])(>[7,8,9](in3[8,7,9,6])(in3[7,8,9,6])))	mirrored statement	(>[6](NaturalNumbers[1,2,3,4,5,6])(>[7,8,9](in3[7,8,9,6])(in3[8,7,9,6])))
(>[6](NaturalNumbers[1,2,3,4,5,6])(>[7,8,9](in3[7,8,9,6])(>[10,11](in3[7,10,11,6])(>[12](in3[8,12,10,6])(in3[9,12,11,6])))))	induction	12
(>[6](NaturalNumbers[1,2,3,4,5,6])(>[7,8,9](in3[7,8,9,6])(>[10,12](in3[8,12,10,6])(>[11](in3[9,12,11,6])(in3[7,10,11,6])))))	mirrored statement	(>[6](NaturalNumbers[1,2,3,4,5,6])(>[7,8,9](in3[7,8,9,6])(>[10,11](in3[7,10,11,6])(>[12](in3[8,12,10,6])(in3[9,12,11,6])))))
(>[4,5,6](NaturalNumbers[1,2,3,4,5,6])(>[7,8,9](in3[7,8,9,5])(>[10,11](in2[10,11,4])(>[](in3[7,10,8,6])(in3[11,7,9,6])))))	induction	7
(>[4,5,6](NaturalNumbers[1,2,3,4,5,6])(>[10,11](in2[10,11,4])(>[7,8](in3[7,10,8,6])(>[9](in3[11,7,9,6])(in3[7,8,9,5])))))	mirrored statement	(>[4,5,6](NaturalNumbers[1,2,3,4,5,6])(>[7,8,9](in3[7,8,9,5])(>[10,11](in2[10,11,4])(>[](in3[7,10,8,6])(in3[11,7,9,6])))))
(>[4,5,6](NaturalNumbers[1,2,3,4,5,6])(>[7,8,9](in3[7,8,9,5])(>[10,11](in2[10,11,4])(>[](in3[8,10,7,6])(in3[11,8,9,6])))))	induction	8
(>[4,5,6](NaturalNumbers[1,2,3,4,5,6])(>[10,11](in2[10,11,4])(>[7,8](in3[8,10,7,6])(>[9](in3[11,8,9,6])(in3[7,8,9,5])))))	mirrored statement	(>[4,5,6](NaturalNumbers[1,2,3,4,5,6])(>[7,8,9](in3[7,8,9,5])(>[10,11](in2[10,11,4])(>[](in3[8,10,7,6])(in3[11,8,9,6])))))
(>[6](NaturalNumbers[1,2,3,4,5,6])(>[7,8,9](in3[7,8,9,6])(>[10,11](in3[7,10,11,6])(>[12](in3[12,8,10,6])(in3[12,9,11,6])))))	induction	7
(>[6](NaturalNumbers[1,2,3,4,5,6])(>[7,8,9](in3[7,8,9,6])(>[10,12](in3[12,8,10,6])(>[11](in3[12,9,11,6])(in3[7,10,11,6])))))	mirrored statement	(>[6](NaturalNumbers[1,2,3,4,5,6])(>[7,8,9](in3[7,8,9,6])(>[10,11](in3[7,10,11,6])(>[12](in3[12,8,10,6])(in3[12,9,11,6])))))
(>[2,6](NaturalNumbers[1,2,3,4,5,6])(>[7,8](in3[7,8,2,6])(in3[8,7,2,6])))	direct	-1
(>[2,6](NaturalNumbers[1,2,3,4,5,6])(>[7,8](in3[8,7,2,6])(in3[7,8,2,6])))	mirrored statement	(>[2,6](NaturalNumbers[1,2,3,4,5,6])(>[7,8](in3[7,8,2,6])(in3[8,7,2,6])))
(>[3,6](NaturalNumbers[1,2,3,4,5,6])(>[7,8](in3[7,8,3,6])(in3[8,7,3,6])))	direct	-1
(>[3,6](NaturalNumbers[1,2,3,4,5,6])(>[7,8](in3[8,7,3,6])(in3[7,8,3,6])))	mirrored statement	(>[3,6](NaturalNumbers[1,2,3,4,5,6])(>[7,8](in3[7,8,3,6])(in3[8,7,3,6])))
(>[5,6](NaturalNumbers[1,2,3,4,5,6])(>[7,8,9](in3[7,8,9,5])(>[10,11](in3[7,10,11,6])(>[12](in3[8,10,12,6])(>[13](in3[9,10,13,6])(in3[11,12,13,5]))))))	direct	-1
(>[5,6](NaturalNumbers[1,2,3,4,5,6])(>[7,8,9](in3[7,8,9,5])(>[10,11](in3[7,10,11,6])(>[12](in3[8,10,12,6])(>[13](in3[11,12,13,5])(in3[9,10,13,6]))))))	mirrored statement	(>[5,6](NaturalNumbers[1,2,3,4,5,6])(>[7,8,9](in3[7,8,9,5])(>[10,11](in3[7,10,11,6])(>[12](in3[8,10,12,6])(>[13](in3[9,10,13,6])(in3[11,12,13,5]))))))
(>[6](NaturalNumbers[1,2,3,4,5,6])(>[7,8,9](in3[7,8,9,6])(>[10,11,12](in3[10,11,12,6])(>[](in3[8,7,10,6])(in3[9,11,12,6])))))	direct	-1
(>[6](NaturalNumbers[1,2,3,4,5,6])(>[7,8,9](in3[7,8,9,6])(>[10](in3[8,7,10,6])(>[11,12](in3[9,11,12,6])(in3[10,11,12,6])))))	mirrored statement	(>[6](NaturalNumbers[1,2,3,4,5,6])(>[7,8,9](in3[7,8,9,6])(>[10,11,12](in3[10,11,12,6])(>[](in3[8,7,10,6])(in3[9,11,12,6])))))
(>[6](NaturalNumbers[1,2,3,4,5,6])(>[7,8,9](in3[7,8,9,6])(>[10,11,12](in3[10,11,12,6])(>[](in3[8,7,11,6])(in3[10,9,12,6])))))	direct	-1
(>[6](NaturalNumbers[1,2,3,4,5,6])(>[7,8,9](in3[7,8,9,6])(>[11](in3[8,7,11,6])(>[10,12](in3[10,9,12,6])(in3[10,11,12,6])))))	mirrored statement	(>[6](NaturalNumbers[1,2,3,4,5,6])(>[7,8,9](in3[7,8,9,6])(>[10,11,12](in3[10,11,12,6])(>[](in3[8,7,11,6])(in3[10,9,12,6])))))
(>[6](NaturalNumbers[1,2,3,4,5,6])(>[7,8,9](in3[7,8,9,6])(>[10,11](in3[7,10,11,6])(>[12](in3[8,11,12,6])(in3[10,9,12,6])))))	direct	-1
(>[6](NaturalNumbers[1,2,3,4,5,6])(>[7,8,9](in3[7,8,9,6])(>[10,11](in3[7,10,11,6])(>[12](in3[10,9,12,6])(in3[8,11,12,6])))))	mirrored statement	(>[6](NaturalNumbers[1,2,3,4,5,6])(>[7,8,9](in3[7,8,9,6])(>[10,11](in3[7,10,11,6])(>[12](in3[8,11,12,6])(in3[10,9,12,6])))))
(>[6](NaturalNumbers[1,2,3,4,5,6])(>[7,8,9](in3[7,8,9,6])(>[10,11](in3[7,10,11,6])(>[12](in3[9,10,12,6])(in3[11,8,12,6])))))	direct	-1
(>[6](NaturalNumbers[1,2,3,4,5,6])(>[7,8,9](in3[7,8,9,6])(>[10,11](in3[7,10,11,6])(>[12](in3[11,8,12,6])(in3[9,10,12,6])))))	mirrored statement	(>[6](NaturalNumbers[1,2,3,4,5,6])(>[7,8,9](in3[7,8,9,6])(>[10,11](in3[7,10,11,6])(>[12](in3[9,10,12,6])(in3[11,8,12,6])))))
(>[6](NaturalNumbers[1,2,3,4,5,6])(>[7,8,9](in3[7,8,9,6])(>[10,11](in3[8,10,11,6])(>[12](in3[12,10,7,6])(in3[11,12,9,6])))))	direct	-1
(>[6](NaturalNumbers[1,2,3,4,5,6])(>[10,11,8](in3[8,10,11,6])(>[12,7](in3[12,10,7,6])(>[9](in3[11,12,9,6])(in3[7,8,9,6])))))	mirrored statement	(>[6](NaturalNumbers[1,2,3,4,5,6])(>[7,8,9](in3[7,8,9,6])(>[10,11](in3[8,10,11,6])(>[12](in3[12,10,7,6])(in3[11,12,9,6])))))
