(>[1,2,3,4,5,6](AnchorGauss[1,2,3,4,5,6,7,8])(AnchorPeano[1,2,3,4,5,6]))
(>[1,2,3,4,5,7,8](AnchorGauss[1,2,3,4,5,6,7,8])(>[9,10,11](in3[9,10,11,5])(>[12](fold[1,3,4,8,2,10,12])(>[](in2[10,9,3])(in3[7,12,11,5])))))
(>[1,2,3,4,5,7,8](AnchorGauss[1,2,3,4,5,6,7,8])(>[9,10,11](in3[9,10,11,5])(>[12](fold[1,3,4,8,2,10,12])(>[](in3[7,10,9,5])(in2[12,11,3])))))
(>[1,2,3,4,5,7,8](AnchorGauss[1,2,3,4,5,6,7,8])(>[9,10,11](in3[9,10,11,5])(>[12](fold[1,3,4,8,2,9,12])(>[](in2[9,10,3])(in3[7,12,11,5])))))
(>[1,2,3,4,5,7,8](AnchorGauss[1,2,3,4,5,6,7,8])(>[9,10,11](in3[9,10,11,5])(>[12](in3[7,10,12,5])(>[](fold[1,3,4,8,2,10,9])(in2[11,12,3])))))
(>[1,2,3,4,5,7,8](AnchorGauss[1,2,3,4,5,6,7,8])(>[9,10,11](in3[9,10,11,5])(>[12](in3[7,10,12,5])(>[](fold[1,3,4,8,2,10,9])(in2[12,11,3])))))
(>[1,2,3,4,5,7,8](AnchorGauss[1,2,3,4,5,6,7,8])(>[9,10,11](in3[9,10,11,5])(>[12](in3[7,9,12,5])(>[](fold[1,3,4,8,2,9,10])(in2[11,12,3])))))
(>[1,2,3,4,5,7,8](AnchorGauss[1,2,3,4,5,6,7,8])(>[9,10,11](in3[9,10,11,5])(>[12](in3[7,9,12,5])(>[](fold[1,3,4,8,2,9,10])(in2[12,11,3])))))
(>[1,2,3,4,5,7,8](AnchorGauss[1,2,3,4,5,6,7,8])(>[9,10,11](in3[9,10,11,5])(>[](fold[1,3,4,8,2,10,9])(in3[7,10,11,5]))))
(>[1,2,3,4,5,7,8](AnchorGauss[1,2,3,4,5,6,7,8])(>[9,10](in2[9,10,3])(>[11,12](in3[7,11,12,5])(>[](in3[7,9,11,4])(fold[1,3,4,8,2,12,10])))))
(>[1,2,3,4,5,8](AnchorGauss[1,2,3,4,5,6,7,8])(>[9,10,11](in3[9,10,11,5])(>[12](in2[10,12,3])(>[](fold[1,3,4,8,2,10,9])(in3[10,12,11,5])))))
(>[1,2,3,4,5,8](AnchorGauss[1,2,3,4,5,6,7,8])(>[9,10,11](in3[9,10,11,5])(>[12](in2[10,12,3])(>[](fold[1,3,4,8,2,10,9])(in3[12,10,11,5])))))
(>[1,2,3,4,5,8](AnchorGauss[1,2,3,4,5,6,7,8])(>[9,10,11](in3[9,10,11,5])(>[12](in2[9,12,3])(>[](fold[1,3,4,8,2,9,10])(in3[12,9,11,5])))))
(>[1,2,3,4,5,8](AnchorGauss[1,2,3,4,5,6,7,8])(>[9,10,11](in3[9,10,11,5])(>[12](in2[9,12,3])(>[](fold[1,3,4,8,2,9,10])(in3[9,12,11,5])))))
(>[1,2,3,4,6](AnchorGauss[1,2,3,4,5,6,7,8])(>[9,10](in2[9,10,3])(>[11,12](limitSequence[1,4,6,11,12])(>[](sequence[1,4,2,10,11])(sequence[1,4,2,9,12])))))
(>[1,2,3,4,6](AnchorGauss[1,2,3,4,5,6,7,8])(>[9,10](in2[9,10,3])(>[11,12](limitSequence[1,4,6,11,12])(>[](sequence[1,4,2,10,12])(sequence[1,4,2,9,11])))))
(>[1,2,3,4,6](AnchorGauss[1,2,3,4,5,6,7,8])(>[9,10](in2[9,10,3])(>[11,12](limitSequence[1,4,6,11,12])(>[](sequence[1,4,2,9,11])(sequence[1,4,2,10,12])))))
(>[1,2,3,4,6](AnchorGauss[1,2,3,4,5,6,7,8])(>[9,10](in2[9,10,3])(>[11,12](limitSequence[1,4,6,11,12])(>[](sequence[1,4,2,9,12])(sequence[1,4,2,10,11])))))
(>[1,2,3,4,6](AnchorGauss[1,2,3,4,5,6,7,8])(>[9,10](in2[9,10,3])(>[11,12](limitSet[1,4,11,6,12])(>[](interval[1,4,2,10,11])(interval[1,4,2,9,12])))))
(>[1,2,3,4,6](AnchorGauss[1,2,3,4,5,6,7,8])(>[9,10](in2[9,10,3])(>[11,12](limitSet[1,4,11,6,12])(>[](interval[1,4,2,10,12])(interval[1,4,2,9,11])))))
(>[1,2,3,4,6](AnchorGauss[1,2,3,4,5,6,7,8])(>[9,10](in2[9,10,3])(>[11,12](limitSet[1,4,11,6,12])(>[](interval[1,4,2,9,11])(interval[1,4,2,10,12])))))
(>[1,2,3,4,6](AnchorGauss[1,2,3,4,5,6,7,8])(>[9,10](in2[9,10,3])(>[11,12](limitSet[1,4,11,6,12])(>[](interval[1,4,2,9,12])(interval[1,4,2,10,11])))))
(>[1,2,3,4,7,8](AnchorGauss[1,2,3,4,5,6,7,8])(>[9,10](in2[9,10,3])(>[11,12](in3[7,11,12,4])(>[](in3[7,9,11,4])(fold[1,3,4,8,2,12,10])))))
(>[1,2,3,4,7](AnchorGauss[1,2,3,4,5,6,7,8])(>[9,10](in2[9,10,3])(>[11,12](limitSequence[1,4,7,11,12])(>[](sequence[1,4,2,10,11])(sequence[1,4,2,9,12])))))
(>[1,2,3,4,7](AnchorGauss[1,2,3,4,5,6,7,8])(>[9,10](in2[9,10,3])(>[11,12](limitSequence[1,4,7,11,12])(>[](sequence[1,4,2,10,12])(sequence[1,4,2,9,11])))))
(>[1,2,3,4,7](AnchorGauss[1,2,3,4,5,6,7,8])(>[9,10](in2[9,10,3])(>[11,12](limitSequence[1,4,7,11,12])(>[](sequence[1,4,2,9,11])(sequence[1,4,2,10,12])))))
(>[1,2,3,4,7](AnchorGauss[1,2,3,4,5,6,7,8])(>[9,10](in2[9,10,3])(>[11,12](limitSequence[1,4,7,11,12])(>[](sequence[1,4,2,9,12])(sequence[1,4,2,10,11])))))
(>[1,2,3,4,7](AnchorGauss[1,2,3,4,5,6,7,8])(>[9,10](in2[9,10,3])(>[11,12](limitSet[1,4,11,7,12])(>[](interval[1,4,2,10,11])(interval[1,4,2,9,12])))))
(>[1,2,3,4,7](AnchorGauss[1,2,3,4,5,6,7,8])(>[9,10](in2[9,10,3])(>[11,12](limitSet[1,4,11,7,12])(>[](interval[1,4,2,10,12])(interval[1,4,2,9,11])))))
(>[1,2,3,4,7](AnchorGauss[1,2,3,4,5,6,7,8])(>[9,10](in2[9,10,3])(>[11,12](limitSet[1,4,11,7,12])(>[](interval[1,4,2,9,11])(interval[1,4,2,10,12])))))
(>[1,2,3,4,7](AnchorGauss[1,2,3,4,5,6,7,8])(>[9,10](in2[9,10,3])(>[11,12](limitSet[1,4,11,7,12])(>[](interval[1,4,2,9,12])(interval[1,4,2,10,11])))))
(>[1,2,3,4](AnchorGauss[1,2,3,4,5,6,7,8])(>[9,10,11](limitSequence[1,4,9,10,11])(>[12](in2[12,9,3])(>[](sequence[1,4,2,12,10])(sequence[1,4,2,9,11])))))
(>[1,2,3,4](AnchorGauss[1,2,3,4,5,6,7,8])(>[9,10,11](limitSequence[1,4,9,10,11])(>[12](in2[12,9,3])(>[](sequence[1,4,2,12,11])(sequence[1,4,2,9,10])))))
(>[1,2,3,4](AnchorGauss[1,2,3,4,5,6,7,8])(>[9,10,11](limitSequence[1,4,9,10,11])(>[12](in2[12,9,3])(>[](sequence[1,4,2,9,10])(sequence[1,4,2,12,11])))))
(>[1,2,3,4](AnchorGauss[1,2,3,4,5,6,7,8])(>[9,10,11](limitSequence[1,4,9,10,11])(>[12](in2[12,9,3])(>[](sequence[1,4,2,9,11])(sequence[1,4,2,12,10])))))
(>[1,2,3,4](AnchorGauss[1,2,3,4,5,6,7,8])(>[9,10,11](limitSequence[1,4,9,10,11])(>[12](in2[9,12,3])(>[](sequence[1,4,2,12,10])(sequence[1,4,2,9,11])))))
(>[1,2,3,4](AnchorGauss[1,2,3,4,5,6,7,8])(>[9,10,11](limitSequence[1,4,9,10,11])(>[12](in2[9,12,3])(>[](sequence[1,4,2,12,11])(sequence[1,4,2,9,10])))))
(>[1,2,3,4](AnchorGauss[1,2,3,4,5,6,7,8])(>[9,10,11](limitSequence[1,4,9,10,11])(>[12](in2[9,12,3])(>[](sequence[1,4,2,9,10])(sequence[1,4,2,12,11])))))
(>[1,2,3,4](AnchorGauss[1,2,3,4,5,6,7,8])(>[9,10,11](limitSequence[1,4,9,10,11])(>[12](in2[9,12,3])(>[](sequence[1,4,2,9,11])(sequence[1,4,2,12,10])))))
(>[1,2,3,4](AnchorGauss[1,2,3,4,5,6,7,8])(>[9,10,11](limitSet[1,4,9,10,11])(>[12](in2[10,12,3])(>[](interval[1,4,2,10,11])(interval[1,4,2,12,9])))))
(>[1,2,3,4](AnchorGauss[1,2,3,4,5,6,7,8])(>[9,10,11](limitSet[1,4,9,10,11])(>[12](in2[10,12,3])(>[](interval[1,4,2,10,9])(interval[1,4,2,12,11])))))
(>[1,2,3,4](AnchorGauss[1,2,3,4,5,6,7,8])(>[9,10,11](limitSet[1,4,9,10,11])(>[12](in2[10,12,3])(>[](interval[1,4,2,12,11])(interval[1,4,2,10,9])))))
(>[1,2,3,4](AnchorGauss[1,2,3,4,5,6,7,8])(>[9,10,11](limitSet[1,4,9,10,11])(>[12](in2[10,12,3])(>[](interval[1,4,2,12,9])(interval[1,4,2,10,11])))))
(>[1,2,3,4](AnchorGauss[1,2,3,4,5,6,7,8])(>[9,10,11](limitSet[1,4,9,10,11])(>[12](in2[12,10,3])(>[](interval[1,4,2,10,11])(interval[1,4,2,12,9])))))
(>[1,2,3,4](AnchorGauss[1,2,3,4,5,6,7,8])(>[9,10,11](limitSet[1,4,9,10,11])(>[12](in2[12,10,3])(>[](interval[1,4,2,10,9])(interval[1,4,2,12,11])))))
(>[1,2,3,4](AnchorGauss[1,2,3,4,5,6,7,8])(>[9,10,11](limitSet[1,4,9,10,11])(>[12](in2[12,10,3])(>[](interval[1,4,2,12,11])(interval[1,4,2,10,9])))))
(>[1,2,3,4](AnchorGauss[1,2,3,4,5,6,7,8])(>[9,10,11](limitSet[1,4,9,10,11])(>[12](in2[12,10,3])(>[](interval[1,4,2,12,9])(interval[1,4,2,10,11])))))
(>[1,2,3,4](AnchorGauss[1,2,3,4,5,6,7,8])(>[9,10](in2[9,10,3])(>[11,12](limitSequence[1,4,2,11,12])(>[](sequence[1,4,2,10,11])(sequence[1,4,2,9,12])))))
(>[1,2,3,4](AnchorGauss[1,2,3,4,5,6,7,8])(>[9,10](in2[9,10,3])(>[11,12](limitSequence[1,4,2,11,12])(>[](sequence[1,4,2,10,12])(sequence[1,4,2,9,11])))))
(>[1,2,3,4](AnchorGauss[1,2,3,4,5,6,7,8])(>[9,10](in2[9,10,3])(>[11,12](limitSequence[1,4,2,11,12])(>[](sequence[1,4,2,9,11])(sequence[1,4,2,10,12])))))
(>[1,2,3,4](AnchorGauss[1,2,3,4,5,6,7,8])(>[9,10](in2[9,10,3])(>[11,12](limitSequence[1,4,2,11,12])(>[](sequence[1,4,2,9,12])(sequence[1,4,2,10,11])))))
(>[1,2,3,4](AnchorGauss[1,2,3,4,5,6,7,8])(>[9,10](in2[9,10,3])(>[11,12](limitSet[1,4,11,2,12])(>[](interval[1,4,2,10,11])(interval[1,4,2,9,12])))))
(>[1,2,3,4](AnchorGauss[1,2,3,4,5,6,7,8])(>[9,10](in2[9,10,3])(>[11,12](limitSet[1,4,11,2,12])(>[](interval[1,4,2,10,12])(interval[1,4,2,9,11])))))
(>[1,2,3,4](AnchorGauss[1,2,3,4,5,6,7,8])(>[9,10](in2[9,10,3])(>[11,12](limitSet[1,4,11,2,12])(>[](interval[1,4,2,9,11])(interval[1,4,2,10,12])))))
(>[1,2,3,4](AnchorGauss[1,2,3,4,5,6,7,8])(>[9,10](in2[9,10,3])(>[11,12](limitSet[1,4,11,2,12])(>[](interval[1,4,2,9,12])(interval[1,4,2,10,11])))))
(>[1,2,3,4](AnchorGauss[1,2,3,4,5,6,7,8])(>[9,10](in2[9,10,3])(>[11](interval[1,4,2,10,11])(interval[1,4,2,9,11]))))
(>[1,2,3,4](AnchorGauss[1,2,3,4,5,6,7,8])(>[9,10](in2[9,10,3])(>[11](interval[1,4,2,9,11])(interval[1,4,2,10,11]))))
(>[1,2,3,4](AnchorGauss[1,2,3,4,5,6,7,8])(>[9,10](in2[9,10,3])(>[11](sequence[1,4,2,10,11])(sequence[1,4,2,9,11]))))
(>[1,2,3,4](AnchorGauss[1,2,3,4,5,6,7,8])(>[9,10](in2[9,10,3])(>[11](sequence[1,4,2,9,11])(sequence[1,4,2,10,11]))))
(>[1,2,4](AnchorGauss[1,2,3,4,5,6,7,8])(>[9,10](fXY[9,10,1])(>[11](interval[1,4,2,11,10])(sequence[1,4,2,11,9]))))
(>[1,2,4](AnchorGauss[1,2,3,4,5,6,7,8])(>[9,10](fXY[9,10,1])(>[11](sequence[1,4,2,11,9])(interval[1,4,2,11,10]))))
(>[1,2,4](AnchorGauss[1,2,3,4,5,6,7,8])(>[9,10](in[9,10])(interval[1,4,2,9,10])))
(>[1,2,4](AnchorGauss[1,2,3,4,5,6,7,8])(>[9,10](interval[1,4,2,9,10])(>[11](sequence[1,4,2,9,11])(fXY[11,10,1]))))
(>[1,2,4](AnchorGauss[1,2,3,4,5,6,7,8])(>[9,10](interval[1,4,2,9,10])(in[9,10])))
(>[1,3,4](AnchorGauss[1,2,3,4,5,6,7,8])(>[9,10](in2[9,10,3])(>[11](preorder[1,4,10,11])(preorder[1,4,9,11]))))
(>[1,3,4](AnchorGauss[1,2,3,4,5,6,7,8])(>[9,10](in2[9,10,3])(>[11](preorder[1,4,11,9])(preorder[1,4,11,10]))))
(>[1,3,4](AnchorGauss[1,2,3,4,5,6,7,8])(>[9,10](in2[9,10,3])(>[11](preorder[1,4,9,11])(preorder[1,4,11,10]))))
(>[1,3,4](AnchorGauss[1,2,3,4,5,6,7,8])(>[9,10](in2[9,10,3])(>[](preorder[1,4,10,9])(preorder[1,4,9,10]))))
(>[1,3,4](AnchorGauss[1,2,3,4,5,6,7,8])(>[9,10](in2[9,10,3])(preorder[1,4,9,10])))
(>[1,4](AnchorGauss[1,2,3,4,5,6,7,8])(>[9,10](preorder[1,4,9,10])(>[11](preorder[1,4,10,11])(preorder[1,4,9,11]))))
(>[4](AnchorGauss[1,2,3,4,5,6,7,8])(>[9,10,11](in3[9,10,11,4])(in3[10,9,11,4])))
(>[5](AnchorGauss[1,2,3,4,5,6,7,8])(>[9,10,11](in3[9,10,11,5])(in3[10,9,11,5])))
