(>[1,2,3,4,5,6](AnchorGauss[1,2,3,4,5,6,7,8])(AnchorPeano[1,2,3,4,5,6]))
(>[1,2,3,4,5,7,8](AnchorGauss[1,2,3,4,5,6,7,8])(>[12,9](fold[1,3,4,8,2,9,12])(>[10](in2[9,10,3])(>[11](in3[7,12,11,5])(in3[9,10,11,5])))))
(>[1,2,3,4,5,7,8](AnchorGauss[1,2,3,4,5,6,7,8])(>[9,10,11](in3[9,10,11,5])(>[12](fold[1,3,4,8,2,10,12])(>[](in2[10,9,3])(in3[7,12,11,5])))))
(>[1,2,3,4](AnchorGauss[1,2,3,4,5,6,7,8])(>[10,12](in2[10,12,3])(>[9](interval[1,4,2,12,9])(existence3[1,4,9,10,2]))))
(>[1,2,3,4](AnchorGauss[1,2,3,4,5,6,7,8])(>[9,10,11](limitSequence[1,4,9,10,11])(>[12](in2[9,12,3])(>[](sequence[1,4,2,12,10])(sequence[1,4,2,9,11])))))
(>[1,2,3,4](AnchorGauss[1,2,3,4,5,6,7,8])(>[9,10,11](limitSet[1,4,9,10,11])(>[12](in2[10,12,3])(>[](interval[1,4,2,12,9])(interval[1,4,2,10,11])))))
(>[1,2,3,4](AnchorGauss[1,2,3,4,5,6,7,8])(>[9,12](in2[9,12,3])(>[10](sequence[1,4,2,12,10])(existence4[1,4,9,10,2]))))
(>[1,2,4](AnchorGauss[1,2,3,4,5,6,7,8])(>[9,10](fXY[9,10,1])(>[11](interval[1,4,2,11,10])(sequence[1,4,2,11,9]))))
(>[1,2,4](AnchorGauss[1,2,3,4,5,6,7,8])(>[9,10](interval[1,4,2,9,10])(>[11](sequence[1,4,2,9,11])(fXY[11,10,1]))))
(>[1,2,4](AnchorGauss[1,2,3,4,5,6,7,8])(>[9,10](interval[1,4,2,9,10])(in[9,10])))
(>[1,3,4](AnchorGauss[1,2,3,4,5,6,7,8])(>[9,10](in2[9,10,3])(preorder[1,4,9,10])))
(>[1,4](AnchorGauss[1,2,3,4,5,6,7,8])(>[9,10](preorder[1,4,9,10])(>[11](preorder[1,4,10,11])(preorder[1,4,9,11]))))
(>[2,4](AnchorPeano[1,2,3,4,5,6])(>[7,8](in3[2,7,8,4])(in3[7,2,8,4])))
(>[2,4](AnchorPeano[1,2,3,4,5,6])(>[7,8](in3[7,2,8,4])(in3[2,7,8,4])))
(>[2,4](AnchorPeano[1,2,3,4,5,6])(>[7,8](in3[7,8,2,4])(in3[8,7,2,4])))
(>[2,5](AnchorPeano[1,2,3,4,5,6])(>[7,8](in3[2,7,8,5])(in3[7,2,8,5])))
(>[2,5](AnchorPeano[1,2,3,4,5,6])(>[7,8](in3[7,2,8,5])(in3[2,7,8,5])))
(>[3,4,6](AnchorPeano[1,2,3,4,5,6])(>[7,8](in2[7,8,3])(in3[7,6,8,4])))
(>[3,4,6](AnchorPeano[1,2,3,4,5,6])(>[7,8](in3[7,6,8,4])(in2[7,8,3])))
(>[3,4](AnchorPeano[1,2,3,4,5,6])(>[7,8,9](in3[7,8,9,4])(>[10](in2[7,10,3])(>[11](in2[11,8,3])(in3[11,10,9,4])))))
(>[4,5](AnchorPeano[1,2,3,4,5,6])(>[7,8,9](in3[7,8,9,5])(>[10,11](in3[7,10,11,5])(>[12,13](in3[7,12,13,5])(>[](in3[8,10,12,4])(in3[9,11,13,4]))))))
(>[4,5](AnchorPeano[1,2,3,4,5,6])(>[7,8,9](in3[7,8,9,5])(>[10,11](in3[7,10,11,5])(>[12](in3[8,10,12,4])(>[13](in3[9,11,13,4])(in3[7,12,13,5]))))))
(>[4,6](AnchorPeano[1,2,3,4,5,6])(>[7,8](in3[6,7,8,4])(in3[7,6,8,4])))
(>[4,6](AnchorPeano[1,2,3,4,5,6])(>[7,8](in3[7,6,8,4])(in3[6,7,8,4])))
(>[4,6](AnchorPeano[1,2,3,4,5,6])(>[7,8](in3[7,8,6,4])(in3[8,7,6,4])))
(>[4](AnchorPeano[1,2,3,4,5,6])(>[7,8,9](in3[7,8,9,4])(>[10,11](in3[7,10,11,4])(>[12](in3[10,9,12,4])(in3[8,11,12,4])))))
(>[4](AnchorPeano[1,2,3,4,5,6])(>[7,8,9](in3[7,8,9,4])(in3[8,7,9,4])))
(>[5](AnchorPeano[1,2,3,4,5,6])(>[7,8,9](in3[7,8,9,5])(>[10,11](in3[7,10,11,5])(>[12](in3[8,12,10,5])(in3[9,12,11,5])))))
(>[5](AnchorPeano[1,2,3,4,5,6])(>[7,8,9](in3[8,7,9,5])(in3[7,8,9,5])))
