(>[1,2,3,4](in3[1,2,3,4])(>[5,6](AnchorPeano[9,10,5,4,6,11])(>[7,8](in3[2,7,8,4])(>[](in2[1,7,5])(in3[3,1,8,6])))))
(>[1,2,3,4](in3[1,2,3,4])(>[5,6,7](in3[1,5,6,7])(>[8,9](in3[3,8,9,7])(>[](AnchorPeano[10,11,12,7,4,13])(>[](in3[5,2,8,4])(in3[6,2,9,4]))))))
(>[1,2,3,4](in3[1,2,3,4])(>[5,6,7](in2[5,6,7])(>[](AnchorPeano[8,9,7,4,10,11])(>[](in2[6,1,7])(in3[2,5,3,4])))))
(>[1,2,3,4](in3[1,2,3,4])(>[5,6,7](in3[2,5,6,7])(>[8](AnchorPeano[9,10,8,4,7,11])(>[](in2[5,1,8])(in3[6,2,3,4])))))
(>[1,2,3,4](in3[1,2,3,4])(>[5](AnchorPeano[6,2,5,4,7,8])(in2[1,3,5])))
(>[1,2,3,4](in3[1,2,3,4])(>[5,6,7](in2[5,6,7])(>[8](AnchorPeano[9,10,7,4,8,11])(>[](in3[2,6,1,8])(in3[5,2,3,4])))))
(>[1,2,3,4](in3[1,2,3,4])(>[5,6,7](in3[1,5,6,7])(>[8](in3[8,2,5,4])(>[](AnchorPeano[9,10,11,7,4,12])(in3[8,3,6,7])))))
(>[1,2,3,4](in3[1,2,3,4])(>[5,6,7](in3[3,5,6,7])(>[8](in3[1,5,8,4])(>[](AnchorPeano[9,10,11,4,7,12])(in3[8,2,6,7])))))
(>[1,2,3,4](in3[1,2,3,4])(>[5,6](AnchorPeano[9,10,5,4,6,11])(>[7,8](in3[2,7,8,4])(>[](in2[1,7,5])(in3[3,2,8,6])))))
(>[1,2,3,4](in3[1,2,3,4])(>[5,6,7](in3[2,5,6,7])(>[8](in3[8,5,1,7])(>[](AnchorPeano[9,10,11,4,7,12])(in3[6,8,3,4])))))
(>[1,2,3,4](in3[1,2,3,4])(>[5,6,7,8](in3[5,6,7,8])(>[9](in3[9,1,5,4])(>[](AnchorPeano[10,11,12,4,8,13])(>[](in3[9,2,6,4])(in3[9,3,7,8]))))))
(>[1,2,3,4](in3[1,2,3,4])(>[5,6](in3[2,5,6,4])(>[](AnchorPeano[7,8,9,4,10,11])(>[](in3[2,1,5,4])(in3[1,3,6,4])))))
(>[1,2,3,4](in3[1,2,3,4])(>[5,6,7](in2[5,6,7])(>[8](AnchorPeano[9,10,7,4,8,11])(>[](in3[5,6,2,8])(in3[1,5,3,4])))))
(>[1,2,3,4](in3[1,2,3,4])(>[5,6](in2[1,5,6])(>[7](in2[7,2,6])(>[](AnchorPeano[8,9,6,4,10,11])(in3[7,5,3,4])))))
(>[1,2,3,4](in3[1,2,3,4])(>[5,6,7](in3[3,5,6,7])(>[8](AnchorPeano[9,10,8,4,7,11])(>[](in2[5,1,8])(in3[2,5,6,4])))))
(>[1,2,3,4](in3[1,2,3,4])(>[5,6,7](in3[1,5,6,7])(>[8,9](in3[3,8,9,7])(>[](AnchorPeano[10,11,12,7,4,13])(>[](in3[5,2,8,4])(in3[6,2,9,7]))))))
(>[1,2,3,4](in3[1,2,3,4])(>[5,6,7](in3[1,5,6,7])(>[8](in3[3,5,8,4])(>[](AnchorPeano[9,10,11,7,4,12])(in3[6,2,8,4])))))
(>[1,2,3,4](in3[1,2,3,4])(>[5,6,7](in3[2,5,6,7])(>[8](in3[5,8,1,7])(>[](AnchorPeano[9,10,11,7,4,12])(in3[8,6,3,4])))))
(>[1,2,3,4](in3[1,2,3,4])(>[5,6,7](in2[5,6,7])(>[8](AnchorPeano[9,10,7,8,4,11])(>[](in3[1,6,2,8])(in3[5,1,3,8])))))
(>[1,2,3,4](in3[1,2,3,4])(>[5,6,7](in3[2,5,6,7])(>[8](in3[1,5,8,4])(>[9](in3[3,6,9,4])(>[](AnchorPeano[10,11,12,4,7,13])(in3[8,2,9,4]))))))
(>[1,2,3,4](in3[1,2,3,4])(>[5,6](AnchorPeano[9,10,5,6,4,11])(>[7,8](in3[2,7,8,4])(>[](in2[1,7,5])(in3[3,1,8,6])))))
(>[1,2,3,4](in3[1,2,3,4])(>[5,6](in2[1,5,6])(>[7](in3[5,2,7,4])(>[](AnchorPeano[8,9,6,10,4,11])(in3[1,3,7,4])))))
(>[1,2,3,4](in3[1,2,3,4])(>[5,6,7](in3[3,5,6,7])(>[8](in3[1,5,8,4])(>[](AnchorPeano[9,10,11,7,4,12])(in3[8,2,6,7])))))
(>[1,2,3,4](in3[1,2,3,4])(>[5,6,7](in3[5,3,6,7])(>[8](AnchorPeano[9,10,8,7,4,11])(>[](in2[5,2,8])(in3[5,1,6,7])))))
(>[1,2,3,4](in3[1,2,3,4])(>[5,6,7](in2[5,6,7])(>[](AnchorPeano[8,9,7,10,4,11])(>[](in2[6,2,7])(in3[1,5,3,4])))))
(>[1,2,3,4](in3[1,2,3,4])(>[5,6,7](in3[1,5,6,7])(>[8](in3[8,2,5,4])(>[](AnchorPeano[9,10,11,7,4,12])(in3[8,3,6,4])))))
(>[1,2,3,4](in3[1,2,3,4])(>[5,6,7](in3[2,5,6,7])(>[8,9](in3[3,8,9,7])(>[](AnchorPeano[10,11,12,4,7,13])(>[](in3[1,5,8,4])(in3[1,6,9,7]))))))
(>[1,2,3,4](in3[1,2,3,4])(>[5,6,7,8](in3[5,6,7,8])(>[9](in3[1,9,6,4])(>[](AnchorPeano[10,11,12,4,8,13])(>[](in3[2,9,5,4])(in3[9,3,7,8]))))))
(>[1,2,3,4](in3[1,2,3,4])(>[5,6,7](in2[5,6,7])(>[8](AnchorPeano[9,10,7,8,4,11])(>[](in3[5,6,2,8])(in3[1,5,3,4])))))
(>[1,2,3,4](in3[1,2,3,4])(>[5,6](AnchorPeano[9,10,5,4,6,11])(>[7,8](in3[7,2,8,4])(>[](in2[1,7,5])(in3[1,3,8,6])))))
(>[1,2,3,4](in3[1,2,3,4])(>[5,6,7](in3[2,5,6,7])(>[8](AnchorPeano[9,10,8,7,4,11])(>[](in2[5,1,8])(in3[2,6,3,4])))))
(>[1,2,3,4](in3[1,2,3,4])(>[5,6,7](in3[5,2,6,7])(>[8](in3[1,6,8,4])(>[](AnchorPeano[9,10,11,7,4,12])(in3[5,3,8,4])))))
(>[1,2,3,4](in3[1,2,3,4])(>[5,6](AnchorPeano[9,10,5,6,4,11])(>[7,8](in3[7,2,8,4])(>[](in2[1,7,5])(in3[3,1,8,6])))))
(>[1,2,3,4](in3[1,2,3,4])(>[5,6](AnchorPeano[9,10,5,6,4,11])(>[7,8](in3[2,7,8,4])(>[](in2[1,7,5])(in3[2,3,8,6])))))
(>[1,2,3,4](in3[1,2,3,4])(>[5,6,7](in3[1,5,6,7])(>[8,9](in3[3,8,9,7])(>[](AnchorPeano[10,11,12,4,7,13])(>[](in3[5,2,8,4])(in3[2,6,9,7]))))))
(>[1,2,3,4](in3[1,2,3,4])(>[5,6,7,8](in3[5,6,7,8])(>[9](in3[2,9,5,8])(>[](AnchorPeano[10,11,12,4,8,13])(>[](in3[9,1,6,4])(in3[3,9,7,8]))))))
(>[1,2,3,4](in3[1,2,3,4])(>[](AnchorPeano[5,6,7,4,8,9])(in3[2,1,3,4])))
(>[1,2,3,4](in3[1,2,3,4])(>[5,6,7,8](in3[5,6,7,8])(>[9](in3[1,9,5,8])(>[](AnchorPeano[10,11,12,8,4,13])(>[](in3[2,9,6,4])(in3[3,9,7,8]))))))
(>[1,2,3,4](in3[1,2,3,4])(>[5,6,7,8](in3[5,6,7,8])(>[9](in3[1,9,5,8])(>[](AnchorPeano[10,11,12,8,4,13])(>[](in3[2,9,6,4])(in3[3,9,7,4]))))))
(>[1,2,3,4](in3[1,2,3,4])(>[5,6](in3[2,5,6,4])(>[7](AnchorPeano[9,10,11,4,7,12])(>[8](in3[3,5,8,4])(in3[1,6,8,7])))))
(>[1,2,3,4](in3[1,2,3,4])(>[5,6](in3[5,2,6,4])(>[](AnchorPeano[7,8,9,4,10,11])(>[](in3[2,1,5,4])(in3[3,1,6,4])))))
(>[1,2,3,4](in3[1,2,3,4])(>[5,6,7](in2[5,6,7])(>[8](AnchorPeano[9,10,7,8,4,11])(>[](in3[2,6,1,8])(in3[2,5,3,8])))))
(>[1,2,3,4](in3[1,2,3,4])(>[5,6](in2[2,5,6])(>[7](in3[1,5,7,4])(>[](AnchorPeano[8,9,6,4,10,11])(in2[3,7,6])))))
(>[1,2,3,4](in3[1,2,3,4])(>[5,6,7](in2[5,6,7])(>[8](AnchorPeano[9,10,7,4,8,11])(>[](in3[6,5,2,8])(in3[5,1,3,8])))))
(>[1,2,3,4](in3[1,2,3,4])(>[5,6,7](in3[5,2,6,7])(>[8](AnchorPeano[9,10,8,4,7,11])(>[](in2[1,5,8])(in3[3,2,6,7])))))
(>[1,2,3,4](in3[1,2,3,4])(>[5,6,7](in3[2,5,6,7])(>[8](in3[3,5,8,7])(>[](AnchorPeano[9,10,11,7,4,12])(in3[1,6,8,4])))))
(>[1,2,3,4](in3[1,2,3,4])(>[5,6,7](in3[2,5,6,7])(>[8](AnchorPeano[9,10,8,4,7,11])(>[](in2[1,5,8])(in3[3,1,6,7])))))
(>[1,2,3,4](in3[1,2,3,4])(>[5,6,7](in2[5,6,7])(>[](AnchorPeano[8,9,7,10,4,11])(>[](in3[6,2,1,4])(in3[2,5,3,4])))))
(>[1,2,3,4](in3[1,2,3,4])(>[5,6,7](in3[3,5,6,7])(>[8](AnchorPeano[9,10,8,4,7,11])(>[](in2[5,2,8])(in3[1,5,6,4])))))
(>[1,2,3,4](in3[1,2,3,4])(>[5,6,7](in2[5,6,7])(>[8](AnchorPeano[9,10,7,8,4,11])(>[](in3[6,2,1,8])(in3[5,2,3,8])))))
(>[1,2,3,4](in3[1,2,3,4])(>[5,6](in2[5,1,6])(>[](AnchorPeano[7,8,6,9,4,10])(in3[2,5,3,4]))))
(>[1,2,3,4](in3[1,2,3,4])(>[5](AnchorPeano[6,7,5,4,8,2])(in2[1,3,5])))
(>[1,2,3,4](in3[1,2,3,4])(>[5,6,7](in2[5,6,7])(>[](AnchorPeano[8,9,7,4,10,11])(>[](in3[6,2,1,4])(in3[2,5,3,4])))))
(>[1,2,3,4](in3[1,2,3,4])(>[5,6,7](in3[2,5,6,7])(>[8,9](in3[3,8,9,7])(>[](AnchorPeano[10,11,12,7,4,13])(>[](in3[1,5,8,4])(in3[1,6,9,7]))))))
(>[1,2,3,4](in3[1,2,3,4])(>[5,6](in2[2,5,6])(>[7](in3[1,5,7,4])(>[](AnchorPeano[8,9,6,10,4,11])(in2[3,7,6])))))
(>[1,2,3,4](in3[1,2,3,4])(>[5,6,7](in3[3,5,6,7])(>[8](in3[2,5,8,4])(>[](AnchorPeano[9,10,11,4,7,12])(in3[8,1,6,7])))))
(>[1,2,3,4](in3[1,2,3,4])(>[5,6,7](in2[5,6,7])(>[8](AnchorPeano[9,10,7,8,4,11])(>[](in3[6,1,2,8])(in3[1,5,3,8])))))
(>[1,2,3,4](in3[1,2,3,4])(>[5,6](in2[1,5,6])(>[7](in2[7,2,6])(>[](AnchorPeano[8,9,6,10,4,11])(in3[7,5,3,4])))))
(>[1,2,3,4](in3[1,2,3,4])(>[5,6,7](in3[1,5,6,7])(>[8,9](in3[3,8,9,7])(>[](AnchorPeano[10,11,12,7,4,13])(>[](in3[5,2,8,4])(in3[2,6,9,7]))))))
(>[1,2,3,4](in3[1,2,3,4])(>[5,6,7](in3[5,3,6,7])(>[8](AnchorPeano[9,10,8,4,7,11])(>[](in2[5,2,8])(in3[5,1,6,4])))))
(>[1,2,3,4](in3[1,2,3,4])(>[5,6,7](in2[5,6,7])(>[8](AnchorPeano[9,10,7,4,8,11])(>[](in3[6,5,1,8])(in3[2,5,3,8])))))
(>[1,2,3,4](in3[1,2,3,4])(>[5,6](in2[1,5,6])(>[7](in3[5,2,7,4])(>[](AnchorPeano[8,9,6,10,4,11])(in2[7,3,6])))))
(>[1,2,3,4](in3[1,2,3,4])(>[5,6,7](in2[5,6,7])(>[8](AnchorPeano[9,10,7,8,4,11])(>[](in3[5,6,2,8])(in3[5,1,3,8])))))
(>[1,2,3,4](in3[1,2,3,4])(>[5,6,7](in2[5,6,7])(>[8](AnchorPeano[9,10,7,4,8,11])(>[](in3[6,1,2,8])(in3[5,1,3,4])))))
(>[1,2,3,4](in3[1,2,3,4])(>[5,6,7](in3[3,5,6,7])(>[8](AnchorPeano[9,10,8,4,7,11])(>[](in2[5,1,8])(in3[5,2,6,4])))))
(>[1,2,3,4](in3[1,2,3,4])(>[5](AnchorPeano[6,2,5,7,4,8])(in2[1,3,5])))
(>[1,2,3,4](in3[1,2,3,4])(>[5,6](in3[1,5,6,4])(>[7](in3[7,2,5,4])(>[](AnchorPeano[8,9,10,4,11,12])(in3[7,3,6,4])))))
(>[1,2,3,4](in3[1,2,3,4])(>[5,6](in2[2,5,6])(>[7](in3[5,1,7,4])(>[](AnchorPeano[8,9,6,4,10,11])(in3[3,2,7,4])))))
(>[1,2,3,4](in3[1,2,3,4])(>[5,6,7](in3[3,5,6,7])(>[8](in3[2,5,8,4])(>[](AnchorPeano[9,10,11,7,4,12])(in3[8,1,6,7])))))
(>[1,2,3,4](in3[1,2,3,4])(>[5,6](in3[1,5,6,4])(>[7](AnchorPeano[9,10,11,4,7,12])(>[8](in3[3,5,8,4])(in3[2,6,8,7])))))
(>[1,2,3,4](in3[1,2,3,4])(>[5,6](in2[2,5,6])(>[7](in3[1,5,7,4])(>[](AnchorPeano[8,9,6,10,4,11])(in3[3,2,7,4])))))
(>[1,2,3,4](in3[1,2,3,4])(>[5,6](in2[5,1,6])(>[7](in2[7,2,6])(>[](AnchorPeano[8,9,6,10,4,11])(in3[7,5,3,4])))))
(>[1,2,3,4](in3[1,2,3,4])(>[5,6,7](in3[2,5,6,7])(>[8](in3[3,5,8,4])(>[](AnchorPeano[9,10,11,7,4,12])(in3[1,6,8,4])))))
(>[1,2,3,4](in3[1,2,3,4])(>[5,6,7,8](in3[5,6,7,8])(>[9](in3[1,9,5,4])(>[](AnchorPeano[10,11,12,8,4,13])(>[](in3[2,9,6,4])(in3[9,3,7,8]))))))
(>[1,2,3,4](in3[1,2,3,4])(>[5,6,7](in3[2,5,6,7])(>[8](in3[5,3,8,4])(>[](AnchorPeano[9,10,11,4,7,12])(in3[1,6,8,4])))))
(>[1,2,3,4](in3[1,2,3,4])(>[5,6,7](in2[5,6,7])(>[8](AnchorPeano[9,10,7,4,8,11])(>[](in3[5,6,2,8])(in3[5,1,3,8])))))
(>[1,2,3,4](in3[1,2,3,4])(>[5,6,7](in3[1,5,6,7])(>[8,9](in3[3,8,9,7])(>[](AnchorPeano[10,11,12,4,7,13])(>[](in3[2,5,8,7])(in3[2,6,9,7]))))))
(>[1,2,3,4](in3[1,2,3,4])(>[5,6,7](in3[2,5,6,7])(>[8](in3[8,1,5,4])(>[](AnchorPeano[9,10,11,7,4,12])(in3[8,3,6,7])))))
(>[1,2,3,4](in3[1,2,3,4])(>[](AnchorPeano[5,3,6,7,4,8])(in3[2,1,3,4])))
(>[1,2,3,4](in3[1,2,3,4])(>[5,6,7](in2[5,6,7])(>[8](AnchorPeano[9,10,7,4,8,11])(>[](in3[2,6,1,8])(in3[2,5,3,8])))))
(>[1,2,3,4](in3[1,2,3,4])(>[5,6](AnchorPeano[9,10,5,6,4,11])(>[7,8](in3[2,7,8,4])(>[](in2[7,1,5])(in3[8,2,3,6])))))
(>[1,2,3,4](in3[1,2,3,4])(>[5,6,7,8](in3[5,6,7,8])(>[9](in3[9,1,6,8])(>[](AnchorPeano[10,11,12,8,4,13])(>[](in3[9,2,5,4])(in3[9,3,7,4]))))))
(>[1,2,3,4](in3[1,2,3,4])(>[5,6,7](in3[2,5,6,7])(>[8](in3[1,5,8,4])(>[9](in3[3,6,9,4])(>[](AnchorPeano[10,11,12,7,4,13])(in3[2,8,9,7]))))))
(>[1,2,3,4](in3[1,2,3,4])(>[5,6,7](in3[2,5,6,7])(>[8](in3[1,8,5,4])(>[](AnchorPeano[9,10,11,4,7,12])(in3[8,3,6,7])))))
(>[1,2,3,4](in3[1,2,3,4])(>[5,6,7,8](in3[5,6,7,8])(>[9](in3[2,9,5,8])(>[](AnchorPeano[10,11,12,8,4,13])(>[](in3[9,1,6,4])(in3[3,9,7,8]))))))
(>[1,2,3,4](in3[1,2,3,4])(>[5,6,7](in2[5,6,7])(>[8](AnchorPeano[9,10,7,4,8,11])(>[](in3[1,6,2,8])(in3[1,5,3,8])))))
(>[1,2,3,4](in3[1,2,3,4])(>[5,6,7](in3[2,5,6,7])(>[8](AnchorPeano[9,10,8,7,4,11])(>[](in2[1,5,8])(in3[3,1,6,7])))))
(>[1,2,3,4](in3[1,2,3,4])(>[5,6,7](in3[2,5,6,7])(>[8](in3[8,5,1,4])(>[](AnchorPeano[9,10,11,4,7,12])(in3[8,6,3,4])))))
(>[1,2,3,4](in3[1,2,3,4])(>[5,6,7](in3[5,3,6,7])(>[8](AnchorPeano[9,10,8,7,4,11])(>[](in2[5,2,8])(in3[5,1,6,4])))))
(>[1,2,3,4](in3[1,2,3,4])(>[5,6,7,8](in3[5,6,7,8])(>[9](in3[9,1,5,4])(>[](AnchorPeano[10,11,12,8,4,13])(>[](in3[9,2,6,4])(in3[9,3,7,8]))))))
(>[1,2,3,4](in3[1,2,3,4])(>[5,6,7,8](in3[5,6,7,8])(>[9](in3[1,9,6,4])(>[](AnchorPeano[10,11,12,4,8,13])(>[](in3[2,9,5,4])(in3[3,9,7,4]))))))
(>[1,2,3,4](in3[1,2,3,4])(>[5,6,7](in3[3,5,6,7])(>[8](in3[1,5,8,4])(>[](AnchorPeano[9,10,11,4,7,12])(in3[2,8,6,7])))))
(>[1,2,3,4](in3[1,2,3,4])(>[5,6](AnchorPeano[9,10,5,4,6,11])(>[7,8](in3[2,7,8,4])(>[](in2[1,7,5])(in3[1,3,8,6])))))
(>[1,2,3,4](in3[1,2,3,4])(>[5,6,7](in2[5,6,7])(>[](AnchorPeano[8,9,7,10,4,11])(>[](in3[6,5,1,4])(in3[5,2,3,4])))))
(>[1,2,3,4](in3[1,2,3,4])(>[5,6,7](in3[1,5,6,7])(>[8](in3[3,5,8,7])(>[](AnchorPeano[9,10,11,4,7,12])(in3[2,6,8,7])))))
(>[1,2,3,4](in3[1,2,3,4])(>[5,6](in2[1,5,6])(>[7](in3[5,7,2,4])(>[](AnchorPeano[8,9,6,4,10,11])(in3[1,7,3,4])))))
(>[1,2,3,4](in3[1,2,3,4])(>[5,6](in3[1,5,6,4])(>[7](in3[3,5,7,4])(>[](AnchorPeano[8,9,10,4,11,12])(in3[6,2,7,4])))))
(>[1,2,3,4](in3[1,2,3,4])(>[5,6,7,8](in3[5,6,7,8])(>[9](in3[1,9,5,8])(>[](AnchorPeano[10,11,12,4,8,13])(>[](in3[9,2,6,4])(in3[3,9,7,8]))))))
(>[1,2,3,4](in3[1,2,3,4])(>[5,6,7,8](in3[5,6,7,8])(>[9](in3[1,9,6,4])(>[](AnchorPeano[10,11,12,4,8,13])(>[](in3[2,9,5,8])(in3[3,9,7,8]))))))
(>[1,2,3,4](in3[1,2,3,4])(>[5,6,7](in3[2,5,6,7])(>[8](AnchorPeano[9,10,8,7,4,11])(>[](in2[1,5,8])(in3[2,3,6,7])))))
(>[1,2,3,4](in3[1,2,3,4])(>[5,6,7](in2[5,6,7])(>[8](AnchorPeano[9,10,7,8,4,11])(>[](in3[6,1,2,8])(in3[1,5,3,4])))))
(>[1,2,3,4](in3[1,2,3,4])(>[5,6,7,8](in3[5,6,7,8])(>[9](in3[2,9,5,8])(>[](AnchorPeano[10,11,12,8,4,13])(>[](in3[9,1,6,4])(in3[9,3,7,4]))))))
(>[1,2,3,4](in3[1,2,3,4])(>[5,6](in3[5,2,6,4])(>[](AnchorPeano[7,8,9,10,4,11])(>[](in3[2,1,5,4])(in3[3,1,6,4])))))
(>[1,2,3,4](in3[1,2,3,4])(>[5](AnchorPeano[6,7,5,8,4,1])(in2[2,3,5])))
(>[1,2,3,4](in3[1,2,3,4])(>[5,6,7](in2[5,6,7])(>[8](AnchorPeano[9,10,7,4,8,11])(>[](in3[6,2,1,8])(in3[2,5,3,8])))))
(>[1,2,3,4](in3[1,2,3,4])(>[5,6,7](in3[3,5,6,7])(>[8](in3[1,5,8,4])(>[](AnchorPeano[9,10,11,7,4,12])(in3[2,8,6,7])))))
(>[1,2,3,4](in3[1,2,3,4])(>[5,6](AnchorPeano[9,10,5,4,6,11])(>[7,8](in3[7,2,8,4])(>[](in2[1,7,5])(in3[3,1,8,6])))))
(>[1,2,3,4](in3[1,2,3,4])(>[5,6,7,8](in3[5,6,7,8])(>[9](in3[1,9,6,4])(>[](AnchorPeano[10,11,12,8,4,13])(>[](in3[2,9,5,4])(in3[9,3,7,8]))))))
(>[1,2,3,4](in3[1,2,3,4])(>[5,6,7](in3[1,5,6,7])(>[8,9](in3[3,8,9,7])(>[](AnchorPeano[10,11,12,4,7,13])(>[](in3[5,2,8,4])(in3[6,2,9,4]))))))
(>[1,2,3,4](in3[1,2,3,4])(>[5,6,7](in3[1,5,6,7])(>[8](AnchorPeano[9,10,8,4,7,11])(>[](in2[2,5,8])(in3[1,3,6,7])))))
(>[1,2,3,4](in3[1,2,3,4])(>[5,6,7](in3[5,2,6,7])(>[8](in3[1,6,8,4])(>[](AnchorPeano[9,10,11,4,7,12])(in3[5,3,8,7])))))
(>[1,2,3,4](in3[1,2,3,4])(>[5,6,7,8](in3[5,6,7,8])(>[9](in3[1,9,6,4])(>[](AnchorPeano[10,11,12,8,4,13])(>[](in3[2,9,5,4])(in3[3,9,7,4]))))))
(>[1,2,3,4](in3[1,2,3,4])(>[5,6](in2[1,5,6])(>[7](in3[7,5,2,4])(>[](AnchorPeano[8,9,6,10,4,11])(in3[1,7,3,4])))))
(>[1,2,3,4](in3[1,2,3,4])(>[5,6,7](in3[5,3,6,7])(>[8](AnchorPeano[9,10,8,4,7,11])(>[](in2[5,2,8])(in3[5,1,6,7])))))
(>[1,2,3,4](in3[1,2,3,4])(>[5,6,7](in3[5,6,7,4])(>[](AnchorPeano[8,9,10,4,11,12])(>[](in3[2,1,5,4])(in3[3,6,7,4])))))
(>[1,2,3,4](in3[1,2,3,4])(>[5,6,7](in3[1,5,6,7])(>[8](in3[2,5,8,7])(>[9](in3[3,6,9,7])(>[](AnchorPeano[10,11,12,4,7,13])(in3[1,8,9,4]))))))
(>[1,2,3,4](in3[1,2,3,4])(>[5,6,7](in2[5,6,7])(>[8](AnchorPeano[9,10,7,4,8,11])(>[](in3[6,2,1,8])(in3[5,2,3,4])))))
(>[1,2,3,4](in3[1,2,3,4])(>[5,6](AnchorPeano[9,10,5,6,4,11])(>[7,8](in3[1,7,8,4])(>[](in2[2,7,5])(in3[3,1,8,6])))))
(>[1,2,3,4](in3[1,2,3,4])(>[5,6,7](in2[5,6,7])(>[8](AnchorPeano[9,10,7,4,8,11])(>[](in3[6,1,2,8])(in3[1,5,3,4])))))
(>[1,2,3,4](in3[1,2,3,4])(>[5,6,7](in2[5,6,7])(>[8](AnchorPeano[9,10,7,4,8,11])(>[](in3[5,6,1,8])(in3[2,5,3,8])))))
(>[1,2,3,4](in3[1,2,3,4])(>[5,6,7,8](in3[5,6,7,8])(>[9](in3[9,1,5,4])(>[](AnchorPeano[10,11,12,8,4,13])(>[](in3[9,2,6,8])(in3[9,3,7,8]))))))
(>[1,2,3,4](in3[1,2,3,4])(>[](AnchorPeano[5,6,7,4,8,2])(in3[2,1,3,4])))
(>[1,2,3,4](in3[1,2,3,4])(>[5,6](in2[1,5,6])(>[7](in3[2,5,7,4])(>[](AnchorPeano[8,9,6,4,10,11])(in2[3,7,6])))))
(>[1,2,3,4](in3[1,2,3,4])(>[5,6](in3[2,5,6,4])(>[7](in3[3,5,7,4])(>[](AnchorPeano[8,9,10,4,11,12])(in3[1,6,7,4])))))
(>[1,2,3,4](in3[1,2,3,4])(>[5,6,7](in3[1,5,6,7])(>[8](AnchorPeano[9,10,8,4,7,11])(>[](in2[5,2,8])(in3[6,1,3,4])))))
(>[1,2,3,4](in3[1,2,3,4])(>[5,6](in2[1,5,6])(>[7](in3[5,2,7,4])(>[](AnchorPeano[8,9,6,4,10,11])(in2[7,3,6])))))
(>[1,2,3,4](in3[1,2,3,4])(>[5,6](in2[2,5,6])(>[7](in3[5,1,7,4])(>[](AnchorPeano[8,9,6,10,4,11])(in3[1,3,7,4])))))
(>[1,2,3,4](in3[1,2,3,4])(>[5,6,7](in3[5,6,7,4])(>[](AnchorPeano[8,9,10,11,4,12])(>[](in3[2,1,6,4])(in3[5,3,7,4])))))
(>[1,2,3,4](in3[1,2,3,4])(>[5,6](in2[5,1,6])(>[](AnchorPeano[7,8,6,4,9,10])(in3[2,5,3,4]))))
(>[1,2,3,4](in3[1,2,3,4])(>[5,6,7](in3[2,5,6,7])(>[8,9](in3[3,8,9,7])(>[](AnchorPeano[10,11,12,4,7,13])(>[](in3[1,5,8,4])(in3[1,6,9,4]))))))
(>[1,2,3,4](in3[1,2,3,4])(>[5,6,7,8](in3[5,6,7,8])(>[9](in3[9,1,6,4])(>[](AnchorPeano[10,11,12,4,8,13])(>[](in3[9,2,5,4])(in3[9,3,7,4]))))))
(>[1,2,3,4](in3[1,2,3,4])(>[5,6,7](in3[1,5,6,7])(>[8,9](in3[3,8,9,7])(>[](AnchorPeano[10,11,12,7,4,13])(>[](in3[2,5,8,7])(in3[6,2,9,4]))))))
(>[1,2,3,4](in3[1,2,3,4])(>[5,6,7](in2[5,6,7])(>[8](AnchorPeano[9,10,7,8,4,11])(>[](in3[5,6,2,8])(in3[1,5,3,8])))))
(>[1,2,3,4](in3[1,2,3,4])(>[5,6,7](in2[5,6,7])(>[](AnchorPeano[8,9,7,10,4,11])(>[](in2[6,2,7])(in3[5,1,3,4])))))
(>[1,2,3,4](in3[1,2,3,4])(>[5,6,7,8](in3[5,6,7,8])(>[9](in3[9,1,5,4])(>[](AnchorPeano[10,11,12,8,4,13])(>[](in3[9,2,6,8])(in3[9,3,7,4]))))))
(>[1,2,3,4](in3[1,2,3,4])(>[5,6,7](in2[5,6,7])(>[](AnchorPeano[8,9,7,10,4,11])(>[](in3[6,2,1,4])(in3[5,2,3,4])))))
(>[1,2,3,4](in3[1,2,3,4])(>[5,6](AnchorPeano[9,10,5,6,4,11])(>[7,8](in3[2,7,8,4])(>[](in2[1,7,5])(in3[3,2,8,6])))))
(>[1,2,3,4](in3[1,2,3,4])(>[5,6,7](in3[1,5,6,7])(>[8](in3[3,5,8,7])(>[](AnchorPeano[9,10,11,7,4,12])(in3[2,6,8,7])))))
(>[1,2,3,4](in3[1,2,3,4])(>[5,6,7](in3[2,5,6,7])(>[8](in3[8,5,1,7])(>[](AnchorPeano[9,10,11,4,7,12])(in3[8,6,3,4])))))
(>[1,2,3,4](in3[1,2,3,4])(>[5](AnchorPeano[6,7,5,4,8,1])(in2[2,3,5])))
(>[1,2,3,4](in3[1,2,3,4])(>[5,6,7](in3[5,3,6,7])(>[8](AnchorPeano[9,10,8,7,4,11])(>[](in2[5,2,8])(in3[1,5,6,4])))))
(>[1,2,3,4](in3[1,2,3,4])(>[5,6,7](in3[2,5,6,7])(>[8](in3[8,1,5,4])(>[](AnchorPeano[9,10,11,4,7,12])(in3[8,3,6,4])))))
(>[1,2,3,4](in3[1,2,3,4])(>[5,6](AnchorPeano[9,10,5,4,6,11])(>[7,8](in3[7,2,8,4])(>[](in2[1,7,5])(in3[2,3,8,6])))))
(>[1,2,3,4](in3[1,2,3,4])(>[5,6](in2[5,1,6])(>[](AnchorPeano[7,8,6,9,4,10])(in3[5,2,3,4]))))
(>[1,2,3,4](in3[1,2,3,4])(>[5,6](in2[5,2,6])(>[](AnchorPeano[7,8,6,9,4,10])(in3[5,1,3,4]))))
(>[1,2,3,4](in3[1,2,3,4])(>[5,6](in3[2,5,6,4])(>[7](in3[3,5,7,4])(>[](AnchorPeano[8,9,10,11,4,12])(in3[1,6,7,4])))))
(>[1,2,3,4](in3[1,2,3,4])(>[5,6,7](in3[3,5,6,7])(>[8](AnchorPeano[9,10,8,4,7,11])(>[](in2[5,1,8])(in3[2,5,6,7])))))
(>[1,2,3,4](in3[1,2,3,4])(>[5,6,7,8](in3[5,6,7,8])(>[9](in3[9,1,6,8])(>[](AnchorPeano[10,11,12,8,4,13])(>[](in3[9,2,5,4])(in3[9,3,7,8]))))))
(>[1,2,3,4](in3[1,2,3,4])(>[5,6,7](in3[5,3,6,7])(>[8](AnchorPeano[9,10,8,7,4,11])(>[](in2[5,1,8])(in3[5,2,6,7])))))
(>[1,2,3,4](in3[1,2,3,4])(>[5,6,7](in3[2,5,6,7])(>[8](AnchorPeano[9,10,8,4,7,11])(>[](in2[1,5,8])(in3[2,3,6,7])))))
(>[1,2,3,4](in3[1,2,3,4])(>[5,6,7](in3[2,5,6,7])(>[8](AnchorPeano[9,10,8,7,4,11])(>[](in2[5,1,8])(in3[6,5,3,4])))))
(>[1,2,3,4](in3[1,2,3,4])(>[5,6,7](in3[5,6,7,4])(>[](AnchorPeano[8,9,10,11,4,12])(>[](in3[2,1,5,4])(in3[3,6,7,4])))))
(>[1,2,3,4](in3[1,2,3,4])(>[5,6,7](in3[2,5,6,7])(>[8](in3[8,5,1,4])(>[](AnchorPeano[9,10,11,7,4,12])(in3[8,6,3,4])))))
(>[1,2,3,4](in3[1,2,3,4])(>[5,6](in2[1,5,6])(>[7](in3[5,2,7,4])(>[](AnchorPeano[8,9,6,10,4,11])(in3[3,2,7,4])))))
(>[1,2,3,4](in3[1,2,3,4])(>[5,6,7](in3[5,2,6,7])(>[8](AnchorPeano[9,10,8,4,7,11])(>[](in2[5,1,8])(in3[2,6,3,4])))))
(>[1,2,3,4](in3[1,2,3,4])(>[5,6,7](in3[3,5,6,7])(>[8](AnchorPeano[9,10,8,7,4,11])(>[](in2[5,1,8])(in3[2,5,6,4])))))
(>[1,2,3,4](in3[1,2,3,4])(>[5,6](in3[2,5,6,4])(>[7](AnchorPeano[9,10,11,4,7,12])(>[8](in3[3,5,8,4])(in3[6,1,8,7])))))
(>[1,2,3,4](in3[1,2,3,4])(>[](AnchorPeano[5,2,6,4,7,8])(in3[2,1,3,4])))
(>[1,2,3,4](in3[1,2,3,4])(>[5,6,7](in3[3,5,6,7])(>[8](AnchorPeano[9,10,8,4,7,11])(>[](in2[5,2,8])(in3[1,5,6,7])))))
(>[1,2,3,4](in3[1,2,3,4])(>[5,6,7](in2[5,6,7])(>[8](AnchorPeano[9,10,7,8,4,11])(>[](in3[1,6,2,8])(in3[5,1,3,4])))))
(>[1,2,3,4](in3[1,2,3,4])(>[5,6,7,8](in3[5,6,7,8])(>[9](in3[1,9,6,4])(>[](AnchorPeano[10,11,12,8,4,13])(>[](in3[2,9,5,8])(in3[3,9,7,4]))))))
(>[1,2,3,4](in3[1,2,3,4])(>[5,6,7](in2[5,6,7])(>[8](AnchorPeano[9,10,7,8,4,11])(>[](in3[6,1,2,8])(in3[5,1,3,8])))))
(>[1,2,3,4](in3[1,2,3,4])(>[5,6](in2[2,5,6])(>[7](in3[5,1,7,4])(>[](AnchorPeano[8,9,6,10,4,11])(in3[3,2,7,4])))))
(>[1,2,3,4](in3[1,2,3,4])(>[5,6](in3[1,5,6,4])(>[7](in3[2,6,7,4])(>[](AnchorPeano[8,9,10,11,4,12])(in3[5,3,7,4])))))
(>[1,2,3,4](in3[1,2,3,4])(>[5,6,7](in3[2,5,6,7])(>[8](AnchorPeano[9,10,8,7,4,11])(>[](in2[5,1,8])(in3[6,2,3,4])))))
(>[1,2,3,4](in3[1,2,3,4])(>[5,6](in2[2,5,6])(>[7](in3[5,1,7,4])(>[](AnchorPeano[8,9,6,4,10,11])(in2[3,7,6])))))
(>[1,2,3,4](in3[1,2,3,4])(>[5,6,7](in3[5,3,6,7])(>[8](AnchorPeano[9,10,8,4,7,11])(>[](in2[5,1,8])(in3[2,5,6,4])))))
(>[1,2,3,4](in3[1,2,3,4])(>[5,6,7,8](in3[5,6,7,8])(>[9](in3[1,9,5,4])(>[](AnchorPeano[10,11,12,4,8,13])(>[](in3[2,9,6,4])(in3[9,3,7,8]))))))
(>[1,2,3,4](in3[1,2,3,4])(>[5,6](in3[2,5,6,4])(>[7](AnchorPeano[9,10,11,7,4,12])(>[8](in3[3,5,8,4])(in3[6,1,8,7])))))
(>[1,2,3,4](in3[1,2,3,4])(>[5,6,7](in3[1,5,6,7])(>[8,9](in3[3,8,9,7])(>[](AnchorPeano[10,11,12,4,7,13])(>[](in3[5,2,8,4])(in3[6,2,9,7]))))))
(>[1,2,3,4](in3[1,2,3,4])(>[5,6](in2[1,5,6])(>[7](in3[2,5,7,4])(>[](AnchorPeano[8,9,6,4,10,11])(in3[1,3,7,4])))))
(>[1,2,3,4](in3[1,2,3,4])(>[5,6,7](in3[5,2,6,7])(>[8](AnchorPeano[9,10,8,4,7,11])(>[](in2[1,5,8])(in3[3,1,6,7])))))
(>[1,2,3,4](in3[1,2,3,4])(>[5,6](in3[2,5,6,4])(>[7](in3[7,5,1,4])(>[](AnchorPeano[8,9,10,4,11,12])(in3[6,7,3,4])))))
(>[1,2,3,4](in3[1,2,3,4])(>[5,6,7](in3[3,5,6,7])(>[8](in3[2,5,8,4])(>[](AnchorPeano[9,10,11,7,4,12])(in3[1,8,6,7])))))
(>[1,2,3,4](in3[1,2,3,4])(>[5,6](in2[1,5,6])(>[7](in3[5,7,2,4])(>[](AnchorPeano[8,9,6,10,4,11])(in3[1,7,3,4])))))
(>[1,2,3,4](in3[1,2,3,4])(>[5,6,7](in3[3,5,6,7])(>[8](AnchorPeano[9,10,8,7,4,11])(>[](in2[5,2,8])(in3[1,5,6,4])))))
(>[1,2,3,4](in3[1,2,3,4])(>[5](AnchorPeano[6,1,5,7,4,8])(in2[2,3,5])))
(>[1,2,3,4](in3[1,2,3,4])(>[5,6,7](in3[5,2,6,7])(>[8](AnchorPeano[9,10,8,4,7,11])(>[](in2[1,5,8])(in3[1,3,6,7])))))
(>[1,2,3,4](in3[1,2,3,4])(>[5,6,7](in3[1,5,6,7])(>[8](in3[2,5,8,7])(>[9](in3[3,6,9,7])(>[](AnchorPeano[10,11,12,7,4,13])(in3[1,8,9,4]))))))
(>[1,2,3,4](in3[1,2,3,4])(>[5,6](in3[1,5,6,4])(>[7](AnchorPeano[9,10,11,4,7,12])(>[8](in3[3,5,8,4])(in3[6,2,8,7])))))
(>[1,2,3,4](in3[1,2,3,4])(>[5,6,7](in2[5,6,7])(>[](AnchorPeano[8,9,7,10,4,11])(>[](in3[1,6,2,4])(in3[1,5,3,4])))))
(>[1,2,3,4](in3[1,2,3,4])(>[5,6,7](in2[5,6,7])(>[8](AnchorPeano[9,10,7,8,4,11])(>[](in3[6,5,2,8])(in3[1,5,3,8])))))
(>[1,2,3,4](in3[1,2,3,4])(>[5,6,7](in3[5,3,6,7])(>[8](AnchorPeano[9,10,8,4,7,11])(>[](in2[5,1,8])(in3[5,2,6,4])))))
(>[1,2,3,4](in3[1,2,3,4])(>[5,6](AnchorPeano[9,10,5,4,6,11])(>[7,8](in3[1,7,8,4])(>[](in2[2,7,5])(in3[2,3,8,6])))))
(>[1,2,3,4](in3[1,2,3,4])(>[5,6,7](in3[2,5,6,7])(>[8](in3[5,3,8,4])(>[](AnchorPeano[9,10,11,7,4,12])(in3[1,6,8,4])))))
(>[1,2,3,4](in3[1,2,3,4])(>[5,6,7](in2[5,6,7])(>[8](AnchorPeano[9,10,7,8,4,11])(>[](in3[2,6,1,8])(in3[2,5,3,4])))))
(>[1,2,3,4](in3[1,2,3,4])(>[5,6,7](in3[1,5,6,7])(>[8](AnchorPeano[9,10,8,4,7,11])(>[](in2[5,2,8])(in3[5,6,3,4])))))
(>[1,2,3,4](in3[1,2,3,4])(>[5](AnchorPeano[6,1,5,4,7,8])(in2[2,3,5])))
(>[1,2,3,4](in3[1,2,3,4])(>[5,6](AnchorPeano[9,10,5,6,4,11])(>[7,8](in3[1,7,8,4])(>[](in2[2,7,5])(in3[2,3,8,6])))))
(>[1,2,3,4](in3[1,2,3,4])(>[5,6](in2[2,5,6])(>[7](in3[1,5,7,4])(>[](AnchorPeano[8,9,6,4,10,11])(in2[7,3,6])))))
(>[1,2,3,4](in3[1,2,3,4])(>[5,6,7,8](in3[5,6,7,8])(>[9](in3[1,9,5,8])(>[](AnchorPeano[10,11,12,4,8,13])(>[](in3[9,2,6,4])(in3[9,3,7,4]))))))
(>[1,2,3,4](in3[1,2,3,4])(>[5,6](in3[1,5,6,4])(>[7](in3[7,2,5,4])(>[](AnchorPeano[8,9,10,11,4,12])(in3[7,3,6,4])))))
(>[1,2,3,4](in3[1,2,3,4])(>[5,6,7](in2[5,6,7])(>[](AnchorPeano[8,9,7,10,4,11])(>[](in2[6,1,7])(in3[2,5,3,4])))))
(>[1,2,3,4](in3[1,2,3,4])(>[5,6](in2[1,5,6])(>[7](in3[2,5,7,4])(>[](AnchorPeano[8,9,6,10,4,11])(in3[3,2,7,4])))))
(>[1,2,3,4](in3[1,2,3,4])(>[](AnchorPeano[5,6,7,8,4,9])(in3[2,1,3,4])))
(>[1,2,3,4](in3[1,2,3,4])(>[5,6,7](in2[5,6,7])(>[8](AnchorPeano[9,10,7,4,8,11])(>[](in3[6,5,1,8])(in3[5,2,3,8])))))
(>[1,2,3,4](in3[1,2,3,4])(>[5,6,7,8](in3[5,6,7,8])(>[9](in3[9,1,6,4])(>[](AnchorPeano[10,11,12,8,4,13])(>[](in3[9,2,5,4])(in3[9,3,7,8]))))))
(>[1,2,3,4](in3[1,2,3,4])(>[5,6](in2[2,5,6])(>[7](in2[7,1,6])(>[](AnchorPeano[8,9,6,4,10,11])(in3[7,5,3,4])))))
(>[1,2,3,4](in3[1,2,3,4])(>[5,6](in2[2,5,6])(>[7](in3[5,1,7,4])(>[](AnchorPeano[8,9,6,10,4,11])(in2[3,7,6])))))
(>[1,2,3,4](in3[1,2,3,4])(>[5,6,7](in2[5,6,7])(>[8](AnchorPeano[9,10,7,4,8,11])(>[](in3[1,6,2,8])(in3[5,1,3,8])))))
(>[1,2,3,4](in3[1,2,3,4])(>[5,6](in2[5,1,6])(>[7](in2[7,2,6])(>[](AnchorPeano[8,9,6,4,10,11])(in3[5,7,3,4])))))
(>[1,2,3,4](in3[1,2,3,4])(>[5,6](AnchorPeano[9,10,5,4,6,11])(>[7,8](in3[1,7,8,4])(>[](in2[2,7,5])(in3[3,2,8,6])))))
(>[1,2,3,4](in3[1,2,3,4])(>[5,6,7](in3[2,5,6,7])(>[8](in3[1,8,5,4])(>[](AnchorPeano[9,10,11,7,4,12])(in3[8,3,6,7])))))
(>[1,2,3,4](in3[1,2,3,4])(>[5,6](AnchorPeano[9,10,5,6,4,11])(>[7,8](in3[7,2,8,4])(>[](in2[1,7,5])(in3[1,3,8,6])))))
(>[1,2,3,4](in3[1,2,3,4])(>[5,6,7](in3[2,5,6,7])(>[8](AnchorPeano[9,10,8,4,7,11])(>[](in2[1,5,8])(in3[3,2,6,7])))))
(>[1,2,3,4](in3[1,2,3,4])(>[5,6,7](in2[5,6,7])(>[8](AnchorPeano[9,10,7,4,8,11])(>[](in3[6,1,2,8])(in3[1,5,3,8])))))
(>[1,2,3,4](in3[1,2,3,4])(>[5,6,7](in3[2,5,6,7])(>[8,9](in3[3,8,9,7])(>[](AnchorPeano[10,11,12,7,4,13])(>[](in3[1,5,8,4])(in3[6,1,9,7]))))))
(>[1,2,3,4](in3[1,2,3,4])(>[5,6,7](in2[5,6,7])(>[](AnchorPeano[8,9,7,10,4,11])(>[](in3[5,6,1,4])(in3[5,2,3,4])))))
(>[1,2,3,4](in3[1,2,3,4])(>[5,6](in3[1,5,6,4])(>[7](AnchorPeano[9,10,11,4,7,12])(>[8](in3[8,2,5,4])(in3[8,3,6,7])))))
(>[1,2,3,4](in3[1,2,3,4])(>[5,6,7](in3[2,5,6,7])(>[8](in3[8,1,5,4])(>[](AnchorPeano[9,10,11,4,7,12])(in3[8,3,6,7])))))
(>[1,2,3,4](in3[1,2,3,4])(>[5,6,7](in3[1,5,6,7])(>[8,9](in3[3,8,9,7])(>[](AnchorPeano[10,11,12,7,4,13])(>[](in3[2,5,8,7])(in3[2,6,9,7]))))))
(>[1,2,3,4](in3[1,2,3,4])(>[5,6,7](in3[3,5,6,7])(>[8](in3[2,5,8,4])(>[](AnchorPeano[9,10,11,4,7,12])(in3[1,8,6,7])))))
(>[1,2,3,4](in3[1,2,3,4])(>[5,6](AnchorPeano[9,10,5,4,6,11])(>[7,8](in3[2,7,8,4])(>[](in2[7,1,5])(in3[2,8,3,6])))))
(>[1,2,3,4](in3[1,2,3,4])(>[5,6,7](in3[2,5,6,7])(>[8](in3[5,8,1,7])(>[](AnchorPeano[9,10,11,4,7,12])(in3[8,6,3,4])))))
(>[1,2,3,4](in3[1,2,3,4])(>[5,6](in2[1,5,6])(>[7](in3[5,2,7,4])(>[](AnchorPeano[8,9,6,4,10,11])(in3[3,2,7,4])))))
(>[1,2,3,4](in3[1,2,3,4])(>[5,6,7](in2[5,6,7])(>[](AnchorPeano[8,9,7,4,10,11])(>[](in3[5,6,2,4])(in3[1,5,3,4])))))
(>[1,2,3,4](in3[1,2,3,4])(>[5,6,7](in3[2,5,6,7])(>[8](in3[3,5,8,7])(>[](AnchorPeano[9,10,11,4,7,12])(in3[1,6,8,7])))))
(>[1,2,3,4](in3[1,2,3,4])(>[5,6](in3[1,5,6,4])(>[7](in3[2,6,7,4])(>[](AnchorPeano[8,9,10,4,11,12])(in3[5,3,7,4])))))
(>[1,2,3,4](in3[1,2,3,4])(>[5,6,7,8](in3[5,6,7,8])(>[9](in3[9,1,6,8])(>[](AnchorPeano[10,11,12,4,8,13])(>[](in3[9,2,5,4])(in3[9,3,7,8]))))))
(>[1,2,3,4](in3[1,2,3,4])(>[5,6,7](in3[1,5,6,7])(>[8](in3[3,5,8,7])(>[](AnchorPeano[9,10,11,7,4,12])(in3[6,2,8,4])))))
(>[1,2,3,4](in3[1,2,3,4])(>[5,6,7](in3[2,5,6,7])(>[8](AnchorPeano[9,10,8,7,4,11])(>[](in2[1,5,8])(in3[3,2,6,7])))))
(>[1,2,3,4](in3[1,2,3,4])(>[5,6,7](in3[2,5,6,7])(>[8](in3[1,5,8,4])(>[9](in3[3,6,9,4])(>[](AnchorPeano[10,11,12,7,4,13])(in3[8,2,9,4]))))))
(>[1,2,3,4](in3[1,2,3,4])(>[5,6](in2[2,5,6])(>[7](in3[5,1,7,4])(>[](AnchorPeano[8,9,6,4,10,11])(in3[1,3,7,4])))))
(>[1,2,3,4](in3[1,2,3,4])(>[5,6,7](in3[2,5,6,7])(>[8](AnchorPeano[9,10,8,4,7,11])(>[](in2[5,1,8])(in3[2,6,3,4])))))
(>[1,2,3,4](in3[1,2,3,4])(>[5,6,7](in3[5,6,7,4])(>[](AnchorPeano[8,9,10,4,11,12])(>[](in3[2,1,6,4])(in3[5,3,7,4])))))
(>[1,2,3,4](in3[1,2,3,4])(>[5,6](in2[5,1,6])(>[7](in2[7,2,6])(>[](AnchorPeano[8,9,6,10,4,11])(in3[5,7,3,4])))))
(>[1,2,3,4](in3[1,2,3,4])(>[5,6,7](in3[1,5,6,7])(>[8](in3[3,5,8,7])(>[](AnchorPeano[9,10,11,7,4,12])(in3[6,2,8,7])))))
(>[1,2,3,4](in3[1,2,3,4])(>[](AnchorPeano[5,6,7,8,4,3])(in3[2,1,3,4])))
(>[1,2,3,4](in3[1,2,3,4])(>[](AnchorPeano[5,6,7,4,8,3])(in3[2,1,3,4])))
(>[1,2,3,4](in3[1,2,3,4])(>[5,6](AnchorPeano[9,10,5,6,4,11])(>[7,8](in3[7,2,8,4])(>[](in2[1,7,5])(in3[2,3,8,6])))))
(>[1,2,3,4](in3[1,2,3,4])(>[5,6](AnchorPeano[9,10,5,4,6,11])(>[7,8](in3[2,7,8,4])(>[](in2[1,7,5])(in3[2,3,8,6])))))
(>[1,2,3,4](in3[1,2,3,4])(>[5,6](in3[1,5,6,4])(>[7](in3[3,5,7,4])(>[](AnchorPeano[8,9,10,11,4,12])(in3[6,2,7,4])))))
(>[1,2,3,4](in3[1,2,3,4])(>[5,6](in2[1,5,6])(>[7](in3[2,5,7,4])(>[](AnchorPeano[8,9,6,10,4,11])(in2[7,3,6])))))
(>[1,2,3,4](in3[1,2,3,4])(>[5,6](in3[2,5,6,4])(>[](AnchorPeano[7,8,9,4,10,11])(>[](in3[5,2,1,4])(in3[6,5,3,4])))))
(>[1,2,3,4](in3[1,2,3,4])(>[5,6](in2[2,5,6])(>[7](in3[1,5,7,4])(>[](AnchorPeano[8,9,6,4,10,11])(in3[1,3,7,4])))))
(>[1,2,3,4](in3[1,2,3,4])(>[5,6,7](in2[5,6,7])(>[](AnchorPeano[8,9,7,4,10,11])(>[](in2[6,1,7])(in3[5,2,3,4])))))
(>[1,2,3,4](in3[1,2,3,4])(>[5,6,7](in2[5,6,7])(>[8](AnchorPeano[9,10,7,8,4,11])(>[](in3[2,6,1,8])(in3[5,2,3,4])))))
(>[1,2,3,4](in3[1,2,3,4])(>[5,6](in2[2,5,6])(>[7](in3[5,1,7,4])(>[](AnchorPeano[8,9,6,4,10,11])(in2[7,3,6])))))
(>[1,2,3,4](in3[1,2,3,4])(>[5,6,7](in2[5,6,7])(>[8](AnchorPeano[9,10,7,8,4,11])(>[](in3[6,2,1,8])(in3[2,5,3,8])))))
(>[1,2,3,4](in3[1,2,3,4])(>[5,6,7](in3[2,5,6,7])(>[8](in3[3,5,8,7])(>[](AnchorPeano[9,10,11,7,4,12])(in3[1,6,8,7])))))
(>[1,2,3,4](in3[1,2,3,4])(>[5,6,7](in2[5,6,7])(>[8](AnchorPeano[9,10,7,8,4,11])(>[](in3[1,6,2,8])(in3[1,5,3,8])))))
(>[1,2,3,4](in3[1,2,3,4])(>[5,6](in2[1,5,6])(>[7](in3[2,5,7,4])(>[](AnchorPeano[8,9,6,10,4,11])(in3[1,3,7,4])))))
(>[1,2,3,4](in3[1,2,3,4])(>[5,6,7,8](in3[5,6,7,8])(>[9](in3[1,9,6,4])(>[](AnchorPeano[10,11,12,4,8,13])(>[](in3[2,9,5,4])(in3[3,9,7,8]))))))
(>[1,2,3,4](in3[1,2,3,4])(>[5,6,7](in2[5,6,7])(>[8](AnchorPeano[9,10,7,8,4,11])(>[](in3[6,5,1,8])(in3[5,2,3,8])))))
(>[1,2,3,4](in3[1,2,3,4])(>[5,6,7](in3[5,2,6,7])(>[8](AnchorPeano[9,10,8,4,7,11])(>[](in2[1,5,8])(in3[2,3,6,7])))))
(>[1,2,3,4](in3[1,2,3,4])(>[5,6,7](in3[2,5,6,7])(>[8,9](in3[3,8,9,7])(>[](AnchorPeano[10,11,12,4,7,13])(>[](in3[1,5,8,4])(in3[6,1,9,7]))))))
(>[1,2,3,4](in3[1,2,3,4])(>[5,6](in2[1,5,6])(>[7](in3[5,2,7,4])(>[](AnchorPeano[8,9,6,4,10,11])(in2[3,7,6])))))
(>[1,2,3,4](in3[1,2,3,4])(>[5,6](AnchorPeano[9,10,5,4,6,11])(>[7,8](in3[2,7,8,4])(>[](in2[7,1,5])(in3[8,7,3,6])))))
(>[1,2,3,4](in3[1,2,3,4])(>[5,6](in2[5,1,6])(>[7](in2[7,2,6])(>[](AnchorPeano[8,9,6,4,10,11])(in3[7,5,3,4])))))
(>[1,2,3,4](in3[1,2,3,4])(>[5,6,7](in3[3,5,6,7])(>[8](in3[2,5,8,4])(>[](AnchorPeano[9,10,11,4,7,12])(in3[1,8,6,4])))))
(>[1,2,3,4](in3[1,2,3,4])(>[5,6,7](in2[5,6,7])(>[8](AnchorPeano[9,10,7,8,4,11])(>[](in3[5,6,1,8])(in3[5,2,3,4])))))
(>[1,2,3,4](in3[1,2,3,4])(>[5,6,7](in2[5,6,7])(>[](AnchorPeano[8,9,7,4,10,11])(>[](in3[5,6,1,4])(in3[5,2,3,4])))))
(>[1,2,3,4](in3[1,2,3,4])(>[5,6,7](in2[5,6,7])(>[8](AnchorPeano[9,10,7,8,4,11])(>[](in3[6,5,2,8])(in3[5,1,3,8])))))
(>[1,2,3,4](in3[1,2,3,4])(>[5,6](in2[2,5,6])(>[7](in2[7,1,6])(>[](AnchorPeano[8,9,6,10,4,11])(in3[7,5,3,4])))))
(>[1,2,3,4](in3[1,2,3,4])(>[5,6](in2[1,5,6])(>[7](in3[5,2,7,4])(>[](AnchorPeano[8,9,6,10,4,11])(in2[3,7,6])))))
(>[1,2,3,4](in3[1,2,3,4])(>[5,6](in2[5,2,6])(>[](AnchorPeano[7,8,6,4,9,10])(in3[1,5,3,4]))))
(>[1,2,3,4](in3[1,2,3,4])(>[5,6](in2[5,1,6])(>[](AnchorPeano[7,8,6,4,9,10])(in3[5,2,3,4]))))
(>[1,2,3,4](in3[1,2,3,4])(>[5,6,7](in3[1,5,6,7])(>[8](AnchorPeano[9,10,8,4,7,11])(>[](in2[5,2,8])(in3[1,6,3,4])))))
(>[1,2,3,4](in3[1,2,3,4])(>[5,6](in3[1,5,6,4])(>[](AnchorPeano[7,8,9,4,10,11])(>[](in3[2,1,5,4])(in3[2,3,6,4])))))
(>[1,2,3,4](in3[1,2,3,4])(>[5,6](AnchorPeano[9,10,5,6,4,11])(>[7,8](in3[1,7,8,4])(>[](in2[2,7,5])(in3[3,2,8,6])))))
(>[1,2,3,4](in3[1,2,3,4])(>[](AnchorPeano[5,6,7,8,4,2])(in3[2,1,3,4])))
(>[1,2,3,4](in3[1,2,3,4])(>[5,6,7](in2[5,6,7])(>[8](AnchorPeano[9,10,7,4,8,11])(>[](in3[5,6,1,8])(in3[5,2,3,4])))))
(>[1,2,3,4](in3[1,2,3,4])(>[5,6,7](in3[1,5,6,7])(>[8](AnchorPeano[9,10,8,4,7,11])(>[](in2[2,5,8])(in3[3,2,6,7])))))
(>[1,2,3,4](in3[1,2,3,4])(>[5,6,7,8](in3[5,6,7,8])(>[9](in3[1,9,5,4])(>[](AnchorPeano[10,11,12,8,4,13])(>[](in3[9,2,6,8])(in3[9,3,7,8]))))))
(>[1,2,3,4](in3[1,2,3,4])(>[5,6](in3[1,5,6,4])(>[7](AnchorPeano[9,10,11,7,4,12])(>[8](in3[3,5,8,4])(in3[2,6,8,7])))))
(>[1,2,3,4](in3[1,2,3,4])(>[5,6,7,8](in3[5,6,7,8])(>[9](in3[2,9,5,8])(>[](AnchorPeano[10,11,12,4,8,13])(>[](in3[9,1,6,4])(in3[9,3,7,4]))))))
(>[1,2,3,4](in3[1,2,3,4])(>[5,6](AnchorPeano[9,10,5,4,6,11])(>[7,8](in3[7,2,8,4])(>[](in2[1,7,5])(in3[3,2,8,6])))))
(>[1,2,3,4](in3[1,2,3,4])(>[5,6,7](in3[3,5,6,7])(>[8](AnchorPeano[9,10,8,7,4,11])(>[](in2[5,2,8])(in3[5,1,6,4])))))
(>[1,2,3,4](in3[1,2,3,4])(>[5,6,7,8](in3[5,6,7,8])(>[9](in3[1,9,5,8])(>[](AnchorPeano[10,11,12,8,4,13])(>[](in3[9,2,6,4])(in3[9,3,7,4]))))))
(>[1,2,3,4](in3[1,2,3,4])(>[5](AnchorPeano[6,7,5,8,4,2])(in2[1,3,5])))
(>[1,2,3,4](in3[1,2,3,4])(>[5,6,7](in3[1,5,6,7])(>[8](in3[8,2,5,4])(>[](AnchorPeano[9,10,11,4,7,12])(in3[8,3,6,7])))))
(>[1,2,3,4](in3[1,2,3,4])(>[5,6,7](in3[2,5,6,7])(>[8,9](in3[8,6,9,4])(>[](AnchorPeano[10,11,12,4,7,13])(>[](in3[1,5,8,4])(in3[3,5,9,7]))))))
(>[1,2,3,4](in3[1,2,3,4])(>[5,6](in3[2,5,6,4])(>[7](in3[7,5,1,4])(>[](AnchorPeano[8,9,10,11,4,12])(in3[6,7,3,4])))))
(>[1,2,3,4](in3[1,2,3,4])(>[5,6,7](in2[5,6,7])(>[8](AnchorPeano[9,10,7,4,8,11])(>[](in3[1,6,2,8])(in3[5,1,3,4])))))
(>[1,2,3,4](in3[1,2,3,4])(>[5,6,7](in2[5,6,7])(>[](AnchorPeano[8,9,7,10,4,11])(>[](in3[1,6,2,4])(in3[5,1,3,4])))))
(>[1,2,3,4](in3[1,2,3,4])(>[5,6,7,8](in3[5,6,7,8])(>[9](in3[9,1,5,4])(>[](AnchorPeano[10,11,12,4,8,13])(>[](in3[9,2,6,4])(in3[3,9,7,8]))))))
(>[1,2,3,4](in3[1,2,3,4])(>[5,6,7](in2[5,6,7])(>[8](AnchorPeano[9,10,7,8,4,11])(>[](in3[6,5,1,8])(in3[2,5,3,8])))))
(>[1,2,3,4](in3[1,2,3,4])(>[5,6,7](in2[5,6,7])(>[8](AnchorPeano[9,10,7,8,4,11])(>[](in3[5,6,1,8])(in3[2,5,3,8])))))
(>[1,2,3,4](in3[1,2,3,4])(>[5,6,7](in2[5,6,7])(>[8](AnchorPeano[9,10,7,8,4,11])(>[](in3[6,2,1,8])(in3[2,5,3,4])))))
(>[1,2,3,4](in3[1,2,3,4])(>[5,6,7](in2[5,6,7])(>[8](AnchorPeano[9,10,7,4,8,11])(>[](in3[6,2,1,8])(in3[5,2,3,8])))))
(>[1,2,3,4](in3[1,2,3,4])(>[5,6](AnchorPeano[9,10,5,6,4,11])(>[7,8](in3[2,7,8,4])(>[](in2[7,1,5])(in3[2,8,3,6])))))
(>[1,2,3,4](in3[1,2,3,4])(>[5,6,7,8](in3[5,6,7,8])(>[9](in3[1,9,6,4])(>[](AnchorPeano[10,11,12,8,4,13])(>[](in3[2,9,5,8])(in3[3,9,7,8]))))))
(>[1,2,3,4](in3[1,2,3,4])(>[5,6,7](in3[1,5,6,7])(>[8](AnchorPeano[9,10,8,4,7,11])(>[](in2[2,5,8])(in3[3,1,6,7])))))
(>[1,2,3,4](in3[1,2,3,4])(>[5,6](in2[1,5,6])(>[7](in3[2,5,7,4])(>[](AnchorPeano[8,9,6,4,10,11])(in2[7,3,6])))))
(>[1,2,3,4](in3[1,2,3,4])(>[5,6,7](in2[5,6,7])(>[8](AnchorPeano[9,10,7,4,8,11])(>[](in3[5,6,2,8])(in3[1,5,3,8])))))
(>[1,2,3,4](in3[1,2,3,4])(>[5,6](in2[5,2,6])(>[](AnchorPeano[7,8,6,4,9,10])(in3[5,1,3,4]))))
(>[1,2,3,4](in3[1,2,3,4])(>[5,6](in3[2,5,6,4])(>[](AnchorPeano[7,8,9,10,4,11])(>[](in3[5,2,1,4])(in3[6,5,3,4])))))
(>[1,2,3,4](in3[1,2,3,4])(>[5,6](in2[2,5,6])(>[7](in3[5,7,1,4])(>[](AnchorPeano[8,9,6,10,4,11])(in3[7,2,3,4])))))
(>[1,2,3,4](in3[1,2,3,4])(>[5,6](in3[2,5,6,4])(>[7](AnchorPeano[9,10,11,7,4,12])(>[8](in3[3,5,8,4])(in3[1,6,8,7])))))
(>[1,2,3,4](in3[1,2,3,4])(>[5,6,7,8](in3[5,6,7,8])(>[9](in3[9,1,6,4])(>[](AnchorPeano[10,11,12,4,8,13])(>[](in3[9,2,5,4])(in3[9,3,7,8]))))))
(>[1,2,3,4](in3[1,2,3,4])(>[5,6,7](in3[1,5,6,7])(>[8](in3[2,5,8,7])(>[9](in3[3,6,9,7])(>[](AnchorPeano[10,11,12,7,4,13])(in3[1,8,9,7]))))))
(>[1,2,3,4](in3[1,2,3,4])(>[5,6](in2[2,5,6])(>[7](in2[7,1,6])(>[](AnchorPeano[8,9,6,10,4,11])(in3[5,7,3,4])))))
(>[1,2,3,4](in3[1,2,3,4])(>[5,6,7](in2[5,6,7])(>[8](AnchorPeano[9,10,7,4,8,11])(>[](in3[5,6,1,8])(in3[5,2,3,8])))))
(>[1,2,3,4](in3[1,2,3,4])(>[5,6](in2[1,5,6])(>[7](in3[7,5,2,4])(>[](AnchorPeano[8,9,6,4,10,11])(in3[1,7,3,4])))))
(>[1,2,3,4](in3[1,2,3,4])(>[5,6](in3[2,5,6,4])(>[](AnchorPeano[7,8,9,10,4,11])(>[](in3[2,1,5,4])(in3[1,3,6,4])))))
(>[1,2,3,4](in3[1,2,3,4])(>[5,6](in3[1,5,6,4])(>[](AnchorPeano[7,8,9,10,4,11])(>[](in3[2,1,5,4])(in3[2,3,6,4])))))
(>[1,2,3,4](in3[1,2,3,4])(>[5,6,7,8](in3[5,6,7,8])(>[9](in3[2,9,5,4])(>[](AnchorPeano[10,11,12,8,4,13])(>[](in3[9,1,6,8])(in3[9,3,7,8]))))))
(>[1,2,3,4](in3[1,2,3,4])(>[5,6,7](in3[1,5,6,7])(>[8](AnchorPeano[9,10,8,4,7,11])(>[](in2[2,5,8])(in3[2,3,6,7])))))
(>[1,2,3,4](in3[1,2,3,4])(>[5,6,7](in3[1,5,6,7])(>[8](in3[2,5,8,7])(>[9](in3[3,6,9,7])(>[](AnchorPeano[10,11,12,4,7,13])(in3[1,8,9,7]))))))
(>[1,2,3,4](in3[1,2,3,4])(>[5,6,7](in3[3,5,6,7])(>[8](AnchorPeano[9,10,8,4,7,11])(>[](in2[5,2,8])(in3[5,1,6,4])))))
(>[1,2,3,4](in3[1,2,3,4])(>[5,6,7,8](in3[5,6,7,8])(>[9](in3[1,9,5,4])(>[](AnchorPeano[10,11,12,4,8,13])(>[](in3[9,2,6,8])(in3[3,9,7,4]))))))
(>[1,2,3,4](in3[1,2,3,4])(>[5,6,7](in2[5,6,7])(>[](AnchorPeano[8,9,7,10,4,11])(>[](in3[5,6,2,4])(in3[1,5,3,4])))))
(>[1,2,3,4](in3[1,2,3,4])(>[5,6,7](in2[5,6,7])(>[8](AnchorPeano[9,10,7,4,8,11])(>[](in3[6,5,2,8])(in3[1,5,3,4])))))
(>[1,2,3,4](in3[1,2,3,4])(>[5,6,7](in3[2,5,6,7])(>[8](in3[8,5,1,7])(>[](AnchorPeano[9,10,11,4,7,12])(in3[8,6,3,7])))))
(>[1,2,3,4](in3[1,2,3,4])(>[5,6,7](in2[5,6,7])(>[8](AnchorPeano[9,10,7,8,4,11])(>[](in3[6,1,2,8])(in3[5,1,3,4])))))
(>[1,2,3,4](in3[1,2,3,4])(>[5,6](AnchorPeano[9,10,5,4,6,11])(>[7,8](in3[2,7,8,4])(>[](in2[7,1,5])(in3[7,8,3,6])))))
(>[1,2,3,4](in3[1,2,3,4])(>[5,6](in2[2,5,6])(>[7](in3[5,7,1,4])(>[](AnchorPeano[8,9,6,4,10,11])(in3[7,2,3,4])))))
(>[1,2,3,4](in3[1,2,3,4])(>[5,6,7,8](in3[5,6,7,8])(>[9](in3[1,9,6,4])(>[](AnchorPeano[10,11,12,8,4,13])(>[](in3[2,9,5,4])(in3[3,9,7,8]))))))
(>[1,2,3,4](in3[1,2,3,4])(>[5,6,7](in3[2,5,6,7])(>[8](AnchorPeano[9,10,8,7,4,11])(>[](in2[5,1,8])(in3[5,6,3,4])))))
(>[1,2,3,4](in3[1,2,3,4])(>[5,6,7,8](in3[5,6,7,8])(>[9](in3[1,9,5,8])(>[](AnchorPeano[10,11,12,4,8,13])(>[](in3[2,9,6,4])(in3[3,9,7,4]))))))
(>[1,2,3,4](in3[1,2,3,4])(>[5,6,7](in3[5,3,6,7])(>[8](AnchorPeano[9,10,8,4,7,11])(>[](in2[5,1,8])(in3[5,2,6,7])))))
(>[1,2,3,4](in3[1,2,3,4])(>[5,6,7,8](in3[5,6,7,8])(>[9](in3[9,1,6,4])(>[](AnchorPeano[10,11,12,8,4,13])(>[](in3[9,2,5,4])(in3[9,3,7,4]))))))
(>[1,2,3,4](in3[1,2,3,4])(>[5,6,7,8](in3[5,6,7,8])(>[9](in3[1,9,5,4])(>[](AnchorPeano[10,11,12,4,8,13])(>[](in3[9,2,6,8])(in3[9,3,7,8]))))))
(>[1,2,3,4](in3[1,2,3,4])(>[5,6](in2[5,2,6])(>[](AnchorPeano[7,8,6,9,4,10])(in3[1,5,3,4]))))
(>[1,2,3,4](in3[1,2,3,4])(>[5,6,7](in3[2,5,6,7])(>[8](in3[3,5,8,7])(>[](AnchorPeano[9,10,11,7,4,12])(in3[6,1,8,7])))))
(>[1,2,3,4](in3[1,2,3,4])(>[5,6,7](in3[3,5,6,7])(>[8](AnchorPeano[9,10,8,7,4,11])(>[](in2[5,2,8])(in3[1,5,6,7])))))
(>[1,2,3,4](in3[1,2,3,4])(>[5,6,7,8](in3[5,6,7,8])(>[9](in3[9,1,6,8])(>[](AnchorPeano[10,11,12,4,8,13])(>[](in3[9,2,5,4])(in3[9,3,7,4]))))))
(>[1,2,3,4](in3[1,2,3,4])(>[5,6,7,8](in3[5,6,7,8])(>[9](in3[1,9,6,4])(>[](AnchorPeano[10,11,12,4,8,13])(>[](in3[2,9,5,8])(in3[3,9,7,4]))))))
(>[1,2,3,4](in3[1,2,3,4])(>[5,6,7](in3[2,5,6,7])(>[8](AnchorPeano[9,10,8,7,4,11])(>[](in2[1,5,8])(in3[1,3,6,7])))))
(>[1,2,3,4](in3[1,2,3,4])(>[5,6,7](in2[5,6,7])(>[](AnchorPeano[8,9,7,10,4,11])(>[](in2[6,1,7])(in3[5,2,3,4])))))
(>[1,2,3,4](in3[1,2,3,4])(>[5,6,7,8](in3[5,6,7,8])(>[9](in3[1,9,5,4])(>[](AnchorPeano[10,11,12,4,8,13])(>[](in3[2,9,6,4])(in3[3,9,7,4]))))))
(>[1,2,3,4](in3[1,2,3,4])(>[5,6](AnchorPeano[9,10,5,6,4,11])(>[7,8](in3[2,7,8,4])(>[](in2[1,7,5])(in3[1,3,8,6])))))
(>[1,2,3,4](in3[1,2,3,4])(>[5,6](AnchorPeano[9,10,5,4,6,11])(>[7,8](in3[1,7,8,4])(>[](in2[2,7,5])(in3[1,3,8,6])))))
(>[1,2,3,4](in3[1,2,3,4])(>[5,6,7](in3[2,5,6,7])(>[8](in3[3,5,8,7])(>[](AnchorPeano[9,10,11,4,7,12])(in3[6,1,8,7])))))
(>[1,2,3,4](in3[1,2,3,4])(>[5,6,7](in3[1,5,6,7])(>[8](AnchorPeano[9,10,8,4,7,11])(>[](in2[5,2,8])(in3[6,5,3,4])))))
(>[1,2,3,4](in3[1,2,3,4])(>[5,6,7](in3[5,2,6,7])(>[8](AnchorPeano[9,10,8,4,7,11])(>[](in2[5,1,8])(in3[5,6,3,4])))))
(>[1,2,3,4](in3[1,2,3,4])(>[5,6,7](in3[2,5,6,7])(>[8](in3[1,5,8,4])(>[9](in3[3,6,9,4])(>[](AnchorPeano[10,11,12,4,7,13])(in3[2,8,9,7]))))))
(>[1,2,3,4](in3[1,2,3,4])(>[5,6,7](in3[5,2,6,7])(>[8](AnchorPeano[9,10,8,4,7,11])(>[](in2[5,1,8])(in3[6,2,3,4])))))
(>[1,2,3,4](in3[1,2,3,4])(>[5,6,7](in3[2,5,6,7])(>[8](in3[3,5,8,4])(>[](AnchorPeano[9,10,11,4,7,12])(in3[1,6,8,4])))))
(>[1,2,3,4](in3[1,2,3,4])(>[5,6,7,8](in3[5,6,7,8])(>[9](in3[1,9,5,4])(>[](AnchorPeano[10,11,12,4,8,13])(>[](in3[2,9,6,4])(in3[3,9,7,8]))))))
(>[1,2,3,4](in3[1,2,3,4])(>[5,6,7](in2[5,6,7])(>[](AnchorPeano[8,9,7,10,4,11])(>[](in3[6,5,2,4])(in3[1,5,3,4])))))
(>[1,2,3,4](in3[1,2,3,4])(>[5,6,7](in3[3,5,6,7])(>[8](AnchorPeano[9,10,8,7,4,11])(>[](in2[5,1,8])(in3[5,2,6,4])))))
(>[1,2,3,4](in3[1,2,3,4])(>[5,6,7,8](in3[5,6,7,8])(>[9](in3[1,9,5,4])(>[](AnchorPeano[10,11,12,8,4,13])(>[](in3[2,9,6,4])(in3[3,9,7,8]))))))
(>[1,2,3,4](in3[1,2,3,4])(>[5,6,7](in2[5,6,7])(>[8](AnchorPeano[9,10,7,4,8,11])(>[](in3[6,5,1,8])(in3[5,2,3,4])))))
(>[1,2,3,4](in3[1,2,3,4])(>[5,6](AnchorPeano[9,10,5,4,6,11])(>[7,8](in3[2,7,8,4])(>[](in2[7,1,5])(in3[8,2,3,6])))))
(>[1,2,3,4](in3[1,2,3,4])(>[5,6,7,8](in3[5,6,7,8])(>[9](in3[1,9,5,4])(>[](AnchorPeano[10,11,12,8,4,13])(>[](in3[2,9,6,4])(in3[3,9,7,4]))))))
(>[1,2,3,4](in3[1,2,3,4])(>[5,6,7](in2[5,6,7])(>[](AnchorPeano[8,9,7,4,10,11])(>[](in3[6,5,1,4])(in3[5,2,3,4])))))
(>[1,2,3,4](in3[1,2,3,4])(>[5,6,7](in2[5,6,7])(>[](AnchorPeano[8,9,7,4,10,11])(>[](in3[6,5,2,4])(in3[1,5,3,4])))))
(>[1,2,3,4](in3[1,2,3,4])(>[5,6,7,8](in3[5,6,7,8])(>[9](in3[1,9,5,4])(>[](AnchorPeano[10,11,12,8,4,13])(>[](in3[9,2,6,8])(in3[3,9,7,4]))))))
(>[1,2,3,4](in3[1,2,3,4])(>[5,6,7](in2[5,6,7])(>[8](AnchorPeano[9,10,7,4,8,11])(>[](in3[1,6,2,8])(in3[1,5,3,4])))))
(>[1,2,3,4](in3[1,2,3,4])(>[5,6](AnchorPeano[9,10,5,6,4,11])(>[7,8](in3[1,7,8,4])(>[](in2[2,7,5])(in3[1,3,8,6])))))
(>[1,2,3,4](in3[1,2,3,4])(>[5,6,7](in2[5,6,7])(>[](AnchorPeano[8,9,7,4,10,11])(>[](in2[6,2,7])(in3[1,5,3,4])))))
(>[1,2,3,4](in3[1,2,3,4])(>[5,6,7](in2[5,6,7])(>[8](AnchorPeano[9,10,7,8,4,11])(>[](in3[6,5,1,8])(in3[5,2,3,4])))))
(>[1,2,3,4](in3[1,2,3,4])(>[5,6](in2[2,5,6])(>[7](in3[1,5,7,4])(>[](AnchorPeano[8,9,6,10,4,11])(in2[7,3,6])))))
(>[1,2,3,4](in3[1,2,3,4])(>[5,6](in2[2,5,6])(>[7](in3[5,1,7,4])(>[](AnchorPeano[8,9,6,10,4,11])(in2[7,3,6])))))
(>[1,2,3,4](in3[1,2,3,4])(>[5,6](in2[2,5,6])(>[7](in3[1,5,7,4])(>[](AnchorPeano[8,9,6,10,4,11])(in3[1,3,7,4])))))
(>[1,2,3,4](in3[1,2,3,4])(>[5,6,7](in2[5,6,7])(>[8](AnchorPeano[9,10,7,8,4,11])(>[](in3[5,6,1,8])(in3[5,2,3,8])))))
(>[1,2,3,4](in3[1,2,3,4])(>[5,6,7](in3[5,2,6,7])(>[8](AnchorPeano[9,10,8,4,7,11])(>[](in2[5,1,8])(in3[6,5,3,4])))))
(>[1,2,3,4](in3[1,2,3,4])(>[5,6,7](in2[5,6,7])(>[8](AnchorPeano[9,10,7,8,4,11])(>[](in3[6,2,1,8])(in3[5,2,3,4])))))
(>[1,2,3,4](in3[1,2,3,4])(>[5,6](in2[1,5,6])(>[7](in3[2,5,7,4])(>[](AnchorPeano[8,9,6,4,10,11])(in3[3,2,7,4])))))
(>[1,2,3,4](in3[1,2,3,4])(>[5,6,7](in2[5,6,7])(>[8](AnchorPeano[9,10,7,4,8,11])(>[](in3[6,2,1,8])(in3[2,5,3,4])))))
(>[1,2,3,4](in3[1,2,3,4])(>[5,6,7](in2[5,6,7])(>[](AnchorPeano[8,9,7,4,10,11])(>[](in3[1,6,2,4])(in3[5,1,3,4])))))
(>[1,2,3,4](in3[1,2,3,4])(>[5,6,7,8](in3[5,6,7,8])(>[9](in3[9,1,5,4])(>[](AnchorPeano[10,11,12,4,8,13])(>[](in3[9,2,6,8])(in3[9,3,7,8]))))))
(>[1,2,3,4](in3[1,2,3,4])(>[](AnchorPeano[5,2,6,7,4,8])(in3[2,1,3,4])))
(>[1,2,3,4](in3[1,2,3,4])(>[5,6,7,8](in3[5,6,7,8])(>[9](in3[9,1,5,4])(>[](AnchorPeano[10,11,12,8,4,13])(>[](in3[9,2,6,4])(in3[9,3,7,4]))))))
(>[1,2,3,4](in3[1,2,3,4])(>[5,6,7](in3[5,3,6,7])(>[8](AnchorPeano[9,10,8,7,4,11])(>[](in2[5,1,8])(in3[5,2,6,4])))))
(>[1,2,3,4](in3[1,2,3,4])(>[5,6,7](in3[2,5,6,7])(>[8](in3[8,5,1,7])(>[](AnchorPeano[9,10,11,7,4,12])(in3[8,6,3,7])))))
(>[1,2,3,4](in3[1,2,3,4])(>[5,6](in2[2,5,6])(>[7](in3[7,5,1,4])(>[](AnchorPeano[8,9,6,10,4,11])(in3[7,2,3,4])))))
(>[1,2,3,4](in3[1,2,3,4])(>[5,6,7](in3[2,5,6,7])(>[8](AnchorPeano[9,10,8,4,7,11])(>[](in2[5,1,8])(in3[5,6,3,4])))))
(>[1,2,3,4](in3[1,2,3,4])(>[5,6,7,8](in3[5,6,7,8])(>[9](in3[2,9,5,4])(>[](AnchorPeano[10,11,12,4,8,13])(>[](in3[9,1,6,8])(in3[3,9,7,4]))))))
(>[1,2,3,4](in3[1,2,3,4])(>[5,6,7](in3[2,5,6,7])(>[8,9](in3[8,6,9,4])(>[](AnchorPeano[10,11,12,7,4,13])(>[](in3[1,5,8,4])(in3[3,5,9,7]))))))
(>[1,2,3,4](in3[1,2,3,4])(>[5,6,7](in3[2,5,6,7])(>[8](in3[8,5,1,7])(>[](AnchorPeano[9,10,11,7,4,12])(in3[6,8,3,4])))))
(>[1,2,3,4](in3[1,2,3,4])(>[5,6,7,8](in3[5,6,7,8])(>[9](in3[2,9,5,4])(>[](AnchorPeano[10,11,12,4,8,13])(>[](in3[9,1,6,8])(in3[9,3,7,8]))))))
(>[1,2,3,4](in3[1,2,3,4])(>[5,6](AnchorPeano[9,10,5,4,6,11])(>[7,8](in3[1,7,8,4])(>[](in2[2,7,5])(in3[3,1,8,6])))))
(>[1,2,3,4](in3[1,2,3,4])(>[5,6,7](in3[1,5,6,7])(>[8,9](in3[3,8,9,7])(>[](AnchorPeano[10,11,12,4,7,13])(>[](in3[2,5,8,7])(in3[6,2,9,4]))))))
(>[1,2,3,4](in3[1,2,3,4])(>[5,6,7](in3[2,5,6,7])(>[8,9](in3[8,6,9,4])(>[](AnchorPeano[10,11,12,7,4,13])(>[](in3[1,5,8,4])(in3[3,5,9,4]))))))
(>[1,2,3,4](in3[1,2,3,4])(>[](AnchorPeano[5,3,6,4,7,8])(in3[2,1,3,4])))
(>[1,2,3,4](in3[1,2,3,4])(>[5,6,7](in2[5,6,7])(>[8](AnchorPeano[9,10,7,4,8,11])(>[](in3[6,5,2,8])(in3[1,5,3,8])))))
(>[1,2,3,4](in3[1,2,3,4])(>[5,6,7,8](in3[5,6,7,8])(>[9](in3[1,9,5,8])(>[](AnchorPeano[10,11,12,8,4,13])(>[](in3[9,2,6,4])(in3[3,9,7,8]))))))
(>[1,2,3,4](in3[1,2,3,4])(>[5,6,7](in3[3,5,6,7])(>[8](in3[2,5,8,4])(>[](AnchorPeano[9,10,11,7,4,12])(in3[1,8,6,4])))))
(>[1,2,3,4](in3[1,2,3,4])(>[5,6,7](in3[5,3,6,7])(>[8](AnchorPeano[9,10,8,7,4,11])(>[](in2[5,1,8])(in3[2,5,6,4])))))
(>[1,2,3,4](in3[1,2,3,4])(>[5,6,7](in3[2,5,6,7])(>[8,9](in3[8,6,9,4])(>[](AnchorPeano[10,11,12,4,7,13])(>[](in3[1,5,8,4])(in3[3,5,9,4]))))))
(>[1,2,3,4](in3[1,2,3,4])(>[5,6,7](in2[5,6,7])(>[8](AnchorPeano[9,10,7,8,4,11])(>[](in3[1,6,2,8])(in3[1,5,3,4])))))
(>[1,2,3,4](in3[1,2,3,4])(>[5,6](in2[1,5,6])(>[7](in3[2,5,7,4])(>[](AnchorPeano[8,9,6,10,4,11])(in2[3,7,6])))))
(>[1,2,3,4](in3[1,2,3,4])(>[5,6,7](in3[3,5,6,7])(>[8](in3[1,5,8,4])(>[](AnchorPeano[9,10,11,7,4,12])(in3[8,2,6,4])))))
(>[1,2,3,4](in3[1,2,3,4])(>[5,6](AnchorPeano[9,10,5,6,4,11])(>[7,8](in3[2,7,8,4])(>[](in2[7,1,5])(in3[7,8,3,6])))))
(>[1,2,3,4](in3[1,2,3,4])(>[5,6,7](in2[5,6,7])(>[8](AnchorPeano[9,10,7,8,4,11])(>[](in3[2,6,1,8])(in3[5,2,3,8])))))
(>[1,2,3,4](in3[1,2,3,4])(>[5,6](in2[2,5,6])(>[7](in3[1,5,7,4])(>[](AnchorPeano[8,9,6,4,10,11])(in3[3,2,7,4])))))
(>[1,2,3,4](in3[1,2,3,4])(>[5,6,7,8](in3[5,6,7,8])(>[9](in3[9,1,6,4])(>[](AnchorPeano[10,11,12,4,8,13])(>[](in3[9,2,5,4])(in3[3,9,7,8]))))))
(>[1,2,3,4](in3[1,2,3,4])(>[5,6](in2[2,5,6])(>[7](in2[7,1,6])(>[](AnchorPeano[8,9,6,4,10,11])(in3[5,7,3,4])))))
(>[1,2,3,4](in3[1,2,3,4])(>[5,6](in2[1,5,6])(>[7](in3[5,2,7,4])(>[](AnchorPeano[8,9,6,4,10,11])(in3[1,3,7,4])))))
(>[1,2,3,4](in3[1,2,3,4])(>[5,6,7,8](in3[5,6,7,8])(>[9](in3[1,9,5,8])(>[](AnchorPeano[10,11,12,4,8,13])(>[](in3[2,9,6,4])(in3[3,9,7,8]))))))
(>[1,2,3,4](in3[1,2,3,4])(>[5,6,7](in2[5,6,7])(>[](AnchorPeano[8,9,7,4,10,11])(>[](in2[6,2,7])(in3[5,1,3,4])))))
(>[1,2,3,4](in3[1,2,3,4])(>[5,6,7,8](in3[5,6,7,8])(>[9](in3[2,9,5,4])(>[](AnchorPeano[10,11,12,8,4,13])(>[](in3[9,1,6,8])(in3[3,9,7,4]))))))
(>[1,2,3,4](in3[1,2,3,4])(>[5,6,7](in2[5,6,7])(>[](AnchorPeano[8,9,7,4,10,11])(>[](in3[1,6,2,4])(in3[1,5,3,4])))))
(>[1,2,3,4](in3[1,2,3,4])(>[5,6,7](in2[5,6,7])(>[](AnchorPeano[8,9,7,4,10,11])(>[](in3[6,2,1,4])(in3[5,2,3,4])))))
(>[1,2,3,4](in3[1,2,3,4])(>[5,6,7,8](in3[5,6,7,8])(>[9](in3[9,1,5,4])(>[](AnchorPeano[10,11,12,8,4,13])(>[](in3[9,2,6,4])(in3[3,9,7,8]))))))
(>[1,2,3,4](in3[1,2,3,4])(>[5,6,7](in3[2,5,6,7])(>[8](AnchorPeano[9,10,8,4,7,11])(>[](in2[1,5,8])(in3[1,3,6,7])))))
(>[1,2,3,4](in3[1,2,3,4])(>[5,6](AnchorPeano[9,10,5,6,4,11])(>[7,8](in3[2,7,8,4])(>[](in2[7,1,5])(in3[8,7,3,6])))))
(>[1,2,3,4](in3[1,2,3,4])(>[5,6,7](in2[5,6,7])(>[8](AnchorPeano[9,10,7,4,8,11])(>[](in3[6,1,2,8])(in3[5,1,3,8])))))
(>[1,2,3,4](in3[1,2,3,4])(>[5,6,7,8](in3[5,6,7,8])(>[9](in3[9,1,5,4])(>[](AnchorPeano[10,11,12,4,8,13])(>[](in3[9,2,6,4])(in3[9,3,7,4]))))))
(>[1,2,3,4](in3[1,2,3,4])(>[5,6,7](in3[1,5,6,7])(>[8](in3[8,2,5,7])(>[](AnchorPeano[9,10,11,7,4,12])(in3[8,3,6,7])))))
(>[1,2,3,4](in3[1,2,3,4])(>[5,6,7](in3[2,5,6,7])(>[8,9](in3[3,8,9,7])(>[](AnchorPeano[10,11,12,7,4,13])(>[](in3[1,5,8,4])(in3[1,6,9,4]))))))
(>[1,2,3,4](in3[1,2,3,4])(>[5,6,7](in3[2,5,6,7])(>[8](AnchorPeano[9,10,8,4,7,11])(>[](in2[5,1,8])(in3[6,5,3,4])))))
(>[1,2,3,4](in3[1,2,3,4])(>[5,6,7](in2[5,6,7])(>[8](AnchorPeano[9,10,7,4,8,11])(>[](in3[2,6,1,8])(in3[2,5,3,4])))))
(>[1,2,3,4](in3[1,2,3,4])(>[5,6,7](in2[5,6,7])(>[8](AnchorPeano[9,10,7,4,8,11])(>[](in3[2,6,1,8])(in3[5,2,3,8])))))
(>[1,2,3,4](in3[1,2,3,4])(>[5,6,7](in3[3,5,6,7])(>[8](AnchorPeano[9,10,8,7,4,11])(>[](in2[5,1,8])(in3[2,5,6,7])))))
(>[1,2,3,4](in3[1,2,3,4])(>[5,6](AnchorPeano[9,10,5,6,4,11])(>[7,8](in3[7,2,8,4])(>[](in2[1,7,5])(in3[3,2,8,6])))))
(>[1,2,3,4](in3[1,2,3,4])(>[5,6,7](in3[2,5,6,7])(>[8](in3[8,5,1,7])(>[](AnchorPeano[9,10,11,7,4,12])(in3[8,6,3,4])))))
(>[1,2,3,4](in3[1,2,3,4])(>[5,6,7](in3[2,5,6,7])(>[8](in3[3,5,8,7])(>[](AnchorPeano[9,10,11,4,7,12])(in3[1,6,8,4])))))
(>[1,2,3,4](in3[1,2,3,4])(>[5,6](in2[2,5,6])(>[7](in3[7,5,1,4])(>[](AnchorPeano[8,9,6,4,10,11])(in3[7,2,3,4])))))
(>[1,2,3,4](in3[1,2,3,4])(>[5,6,7,8](in3[5,6,7,8])(>[9](in3[9,1,6,4])(>[](AnchorPeano[10,11,12,8,4,13])(>[](in3[9,2,5,4])(in3[3,9,7,8]))))))
(>[1,2,3,4](in3[1,2,3,4])(>[5,6,7](in2[5,6,7])(>[8](AnchorPeano[9,10,7,8,4,11])(>[](in3[6,5,2,8])(in3[1,5,3,4])))))
(>[1,2,3,4](in3[1,2,3,4])(>[5,6,7](in3[5,3,6,7])(>[8](AnchorPeano[9,10,8,4,7,11])(>[](in2[5,2,8])(in3[1,5,6,4])))))
(>[1,2,3,4](in3[1,2,3,4])(>[5,6,7](in3[2,5,6,7])(>[8](in3[8,1,5,4])(>[](AnchorPeano[9,10,11,7,4,12])(in3[8,3,6,4])))))
(>[1,2,3,4](in3[1,2,3,4])(>[5,6,7,8](in3[5,6,7,8])(>[9](in3[9,1,5,4])(>[](AnchorPeano[10,11,12,4,8,13])(>[](in3[9,2,6,8])(in3[9,3,7,4]))))))
