(>[1,2,3,4,5,6,7](AnchorGauss[1,2,3,4,5,10,6,7])(>[8,9](in3[6,8,9,5])(fold[1,3,4,7,2,8,9])))
(>[1,2,3,4,5,6,7](AnchorGauss[1,2,3,4,5,11,6,7])(>[8,9,10](in3[8,9,10,5])(>[](fold[1,3,4,7,2,9,8])(in3[6,9,10,5]))))
(>[1,2,3,4,5,6,7](AnchorGauss[1,2,3,4,5,11,6,7])(>[8,9](fold[1,3,4,7,2,8,9])(>[10](in2[8,10,3])(in3[6,10,9,5]))))
(>[1,2,3,4,5,6,7](AnchorGauss[1,2,3,4,5,11,6,7])(>[8,9](fold[1,3,4,7,2,8,9])(>[10](in2[8,10,3])(in3[6,9,10,5]))))
(>[1,2,3,4,5,6,7](AnchorGauss[1,2,3,4,5,11,6,7])(>[8,9](fold[1,3,4,7,2,8,9])(>[10](in2[9,10,3])(in3[6,8,10,5]))))
(>[1,2,3,4,5,6,7](AnchorGauss[1,2,3,4,5,11,6,7])(>[8,9](fold[1,3,4,7,2,8,9])(>[10](in3[6,8,10,4])(in3[10,8,9,5]))))
(>[1,2,3,4,5,6,7](AnchorGauss[1,2,3,4,5,11,6,7])(>[8,9](fold[1,3,4,7,2,8,9])(>[10](in3[6,8,10,4])(in3[6,10,9,5]))))
(>[1,2,3,4,5,6,7](AnchorGauss[1,2,3,4,5,11,6,7])(>[8,9](fold[1,3,4,7,2,8,9])(>[10](in3[6,8,10,4])(in3[8,10,9,5]))))
(>[1,2,3,4,5,6,7](AnchorGauss[1,2,3,4,5,11,6,7])(>[8,9](fold[1,3,4,7,2,8,9])(>[10](in3[6,8,10,5])(in3[10,8,9,4]))))
(>[1,2,3,4,5,6,7](AnchorGauss[1,2,3,4,5,11,6,7])(>[8,9](fold[1,3,4,7,2,8,9])(>[10](in3[6,8,10,5])(in3[10,8,9,5]))))
(>[1,2,3,4,5,6,7](AnchorGauss[1,2,3,4,5,11,6,7])(>[8,9](fold[1,3,4,7,2,8,9])(>[10](in3[6,8,10,5])(in3[6,10,9,4]))))
(>[1,2,3,4,5,6,7](AnchorGauss[1,2,3,4,5,11,6,7])(>[8,9](fold[1,3,4,7,2,8,9])(>[10](in3[6,8,10,5])(in3[6,10,9,5]))))
(>[1,2,3,4,5,6,7](AnchorGauss[1,2,3,4,5,11,6,7])(>[8,9](fold[1,3,4,7,2,8,9])(>[10](in3[6,8,10,5])(in3[6,9,10,5]))))
(>[1,2,3,4,5,6,7](AnchorGauss[1,2,3,4,5,11,6,7])(>[8,9](fold[1,3,4,7,2,8,9])(>[10](in3[6,8,10,5])(in3[8,10,9,4]))))
(>[1,2,3,4,5,6,7](AnchorGauss[1,2,3,4,5,11,6,7])(>[8,9](fold[1,3,4,7,2,8,9])(>[10](in3[6,8,10,5])(in3[8,9,10,5]))))
(>[1,2,3,4,5,6,7](AnchorGauss[1,2,3,4,5,11,6,7])(>[8,9](in2[8,9,3])(>[10](in3[6,10,8,5])(fold[1,3,4,7,2,10,9]))))
(>[1,2,3,4,5,6,7](AnchorGauss[1,2,3,4,5,11,6,7])(>[8,9](in2[8,9,3])(>[10](in3[6,8,10,5])(fold[1,3,4,7,2,10,9]))))
(>[1,2,3,4,5,6,7](AnchorGauss[1,2,3,4,5,11,6,7])(>[8,9](in2[8,9,3])(>[10](in3[6,8,10,5])(fold[1,3,4,7,2,9,10]))))
(>[1,2,3,4,5,6,7](AnchorGauss[1,2,3,4,5,11,6,7])(>[8,9](in3[6,8,9,5])(>[10](in3[6,8,10,5])(fold[1,3,4,7,2,10,9]))))
(>[1,2,3,4,5,6,7](AnchorGauss[1,2,3,4,5,12,6,7])(>[8,9,10](in3[8,9,10,4])(>[11](fold[1,3,4,7,2,8,11])(>[](in2[8,9,3])(in3[6,10,11,5])))))
(>[1,2,3,4,5,6,7](AnchorGauss[1,2,3,4,5,12,6,7])(>[8,9,10](in3[8,9,10,4])(>[11](fold[1,3,4,7,2,8,11])(>[](in3[6,8,9,5])(in2[10,11,3])))))
(>[1,2,3,4,5,6,7](AnchorGauss[1,2,3,4,5,12,6,7])(>[8,9,10](in3[8,9,10,4])(>[11](fold[1,3,4,7,2,8,11])(>[](in3[6,8,9,5])(in2[11,10,3])))))
(>[1,2,3,4,5,6,7](AnchorGauss[1,2,3,4,5,12,6,7])(>[8,9,10](in3[8,9,10,4])(>[11](fold[1,3,4,7,2,9,11])(>[](in2[9,8,3])(in3[6,10,11,5])))))
(>[1,2,3,4,5,6,7](AnchorGauss[1,2,3,4,5,12,6,7])(>[8,9,10](in3[8,9,10,4])(>[11](fold[1,3,4,7,2,9,11])(>[](in3[6,9,8,5])(in2[10,11,3])))))
(>[1,2,3,4,5,6,7](AnchorGauss[1,2,3,4,5,12,6,7])(>[8,9,10](in3[8,9,10,4])(>[11](fold[1,3,4,7,2,9,11])(>[](in3[6,9,8,5])(in2[11,10,3])))))
(>[1,2,3,4,5,6,7](AnchorGauss[1,2,3,4,5,12,6,7])(>[8,9,10](in3[8,9,10,4])(>[11](in2[8,11,3])(>[](fold[1,3,4,7,2,8,9])(in3[6,10,11,5])))))
(>[1,2,3,4,5,6,7](AnchorGauss[1,2,3,4,5,12,6,7])(>[8,9,10](in3[8,9,10,4])(>[11](in2[8,11,3])(>[](in3[6,8,9,5])(fold[1,3,4,7,2,10,11])))))
(>[1,2,3,4,5,6,7](AnchorGauss[1,2,3,4,5,12,6,7])(>[8,9,10](in3[8,9,10,4])(>[11](in2[8,11,3])(>[](in3[6,8,9,5])(fold[1,3,4,7,2,11,10])))))
(>[1,2,3,4,5,6,7](AnchorGauss[1,2,3,4,5,12,6,7])(>[8,9,10](in3[8,9,10,4])(>[11](in2[9,11,3])(>[](fold[1,3,4,7,2,9,8])(in3[6,10,11,5])))))
(>[1,2,3,4,5,6,7](AnchorGauss[1,2,3,4,5,12,6,7])(>[8,9,10](in3[8,9,10,4])(>[11](in2[9,11,3])(>[](in3[6,9,8,5])(fold[1,3,4,7,2,10,11])))))
(>[1,2,3,4,5,6,7](AnchorGauss[1,2,3,4,5,12,6,7])(>[8,9,10](in3[8,9,10,4])(>[11](in2[9,11,3])(>[](in3[6,9,8,5])(fold[1,3,4,7,2,11,10])))))
(>[1,2,3,4,5,6,7](AnchorGauss[1,2,3,4,5,12,6,7])(>[8,9,10](in3[8,9,10,5])(>[11](fold[1,3,4,7,2,8,11])(>[](in2[8,9,3])(in3[6,10,11,4])))))
(>[1,2,3,4,5,6,7](AnchorGauss[1,2,3,4,5,12,6,7])(>[8,9,10](in3[8,9,10,5])(>[11](fold[1,3,4,7,2,8,11])(>[](in2[8,9,3])(in3[6,10,11,5])))))
(>[1,2,3,4,5,6,7](AnchorGauss[1,2,3,4,5,12,6,7])(>[8,9,10](in3[8,9,10,5])(>[11](fold[1,3,4,7,2,8,11])(>[](in2[8,9,3])(in3[6,11,10,5])))))
(>[1,2,3,4,5,6,7](AnchorGauss[1,2,3,4,5,12,6,7])(>[8,9,10](in3[8,9,10,5])(>[11](fold[1,3,4,7,2,8,11])(>[](in3[6,8,9,4])(in2[10,11,3])))))
(>[1,2,3,4,5,6,7](AnchorGauss[1,2,3,4,5,12,6,7])(>[8,9,10](in3[8,9,10,5])(>[11](fold[1,3,4,7,2,8,11])(>[](in3[6,8,9,4])(in2[11,10,3])))))
(>[1,2,3,4,5,6,7](AnchorGauss[1,2,3,4,5,12,6,7])(>[8,9,10](in3[8,9,10,5])(>[11](fold[1,3,4,7,2,9,11])(>[](in2[9,8,3])(in3[6,10,11,4])))))
(>[1,2,3,4,5,6,7](AnchorGauss[1,2,3,4,5,12,6,7])(>[8,9,10](in3[8,9,10,5])(>[11](fold[1,3,4,7,2,9,11])(>[](in2[9,8,3])(in3[6,10,11,5])))))
(>[1,2,3,4,5,6,7](AnchorGauss[1,2,3,4,5,12,6,7])(>[8,9,10](in3[8,9,10,5])(>[11](fold[1,3,4,7,2,9,11])(>[](in2[9,8,3])(in3[6,11,10,5])))))
(>[1,2,3,4,5,6,7](AnchorGauss[1,2,3,4,5,12,6,7])(>[8,9,10](in3[8,9,10,5])(>[11](fold[1,3,4,7,2,9,11])(>[](in3[6,9,8,4])(in2[10,11,3])))))
(>[1,2,3,4,5,6,7](AnchorGauss[1,2,3,4,5,12,6,7])(>[8,9,10](in3[8,9,10,5])(>[11](fold[1,3,4,7,2,9,11])(>[](in3[6,9,8,4])(in2[11,10,3])))))
(>[1,2,3,4,5,6,7](AnchorGauss[1,2,3,4,5,12,6,7])(>[8,9,10](in3[8,9,10,5])(>[11](fold[1,3,4,7,2,9,11])(>[](in3[6,9,8,5])(in2[10,11,3])))))
(>[1,2,3,4,5,6,7](AnchorGauss[1,2,3,4,5,12,6,7])(>[8,9,10](in3[8,9,10,5])(>[11](fold[1,3,4,7,2,9,11])(>[](in3[6,9,8,5])(in2[11,10,3])))))
(>[1,2,3,4,5,6,7](AnchorGauss[1,2,3,4,5,12,6,7])(>[8,9,10](in3[8,9,10,5])(>[11](in2[8,11,3])(>[](fold[1,3,4,7,2,8,9])(in3[6,10,11,4])))))
(>[1,2,3,4,5,6,7](AnchorGauss[1,2,3,4,5,12,6,7])(>[8,9,10](in3[8,9,10,5])(>[11](in2[8,11,3])(>[](fold[1,3,4,7,2,8,9])(in3[6,10,11,5])))))
(>[1,2,3,4,5,6,7](AnchorGauss[1,2,3,4,5,12,6,7])(>[8,9,10](in3[8,9,10,5])(>[11](in2[8,11,3])(>[](fold[1,3,4,7,2,8,9])(in3[6,11,10,5])))))
(>[1,2,3,4,5,6,7](AnchorGauss[1,2,3,4,5,12,6,7])(>[8,9,10](in3[8,9,10,5])(>[11](in2[8,11,3])(>[](in3[6,8,9,4])(fold[1,3,4,7,2,10,11])))))
(>[1,2,3,4,5,6,7](AnchorGauss[1,2,3,4,5,12,6,7])(>[8,9,10](in3[8,9,10,5])(>[11](in2[8,11,3])(>[](in3[6,8,9,4])(fold[1,3,4,7,2,11,10])))))
(>[1,2,3,4,5,6,7](AnchorGauss[1,2,3,4,5,12,6,7])(>[8,9,10](in3[8,9,10,5])(>[11](in2[9,11,3])(>[](fold[1,3,4,7,2,9,8])(in3[6,10,11,4])))))
(>[1,2,3,4,5,6,7](AnchorGauss[1,2,3,4,5,12,6,7])(>[8,9,10](in3[8,9,10,5])(>[11](in2[9,11,3])(>[](fold[1,3,4,7,2,9,8])(in3[6,10,11,5])))))
(>[1,2,3,4,5,6,7](AnchorGauss[1,2,3,4,5,12,6,7])(>[8,9,10](in3[8,9,10,5])(>[11](in2[9,11,3])(>[](fold[1,3,4,7,2,9,8])(in3[6,11,10,5])))))
(>[1,2,3,4,5,6,7](AnchorGauss[1,2,3,4,5,12,6,7])(>[8,9,10](in3[8,9,10,5])(>[11](in2[9,11,3])(>[](in3[6,9,8,4])(fold[1,3,4,7,2,10,11])))))
(>[1,2,3,4,5,6,7](AnchorGauss[1,2,3,4,5,12,6,7])(>[8,9,10](in3[8,9,10,5])(>[11](in2[9,11,3])(>[](in3[6,9,8,4])(fold[1,3,4,7,2,11,10])))))
(>[1,2,3,4,5,6,7](AnchorGauss[1,2,3,4,5,12,6,7])(>[8,9,10](in3[8,9,10,5])(>[11](in2[9,11,3])(>[](in3[6,9,8,5])(fold[1,3,4,7,2,10,11])))))
(>[1,2,3,4,5,6,7](AnchorGauss[1,2,3,4,5,12,6,7])(>[8,9,10](in3[8,9,10,5])(>[11](in2[9,11,3])(>[](in3[6,9,8,5])(fold[1,3,4,7,2,11,10])))))
(>[1,2,3,4,5,6,7](AnchorGauss[1,2,3,4,5,12,6,7])(>[8,9,10](in3[8,9,10,5])(>[11](in3[6,8,11,5])(>[](fold[1,3,4,7,2,8,9])(in2[10,11,3])))))
(>[1,2,3,4,5,6,7](AnchorGauss[1,2,3,4,5,12,6,7])(>[8,9,10](in3[8,9,10,5])(>[11](in3[6,8,11,5])(>[](fold[1,3,4,7,2,8,9])(in2[11,10,3])))))
(>[1,2,3,4,5,6,7](AnchorGauss[1,2,3,4,5,12,6,7])(>[8,9,10](in3[8,9,10,5])(>[11](in3[6,8,11,5])(>[](in2[8,9,3])(fold[1,3,4,7,2,10,11])))))
(>[1,2,3,4,5,6,7](AnchorGauss[1,2,3,4,5,12,6,7])(>[8,9,10](in3[8,9,10,5])(>[11](in3[6,8,11,5])(>[](in2[8,9,3])(fold[1,3,4,7,2,11,10])))))
(>[1,2,3,4,5,6,7](AnchorGauss[1,2,3,4,5,12,6,7])(>[8,9,10](in3[8,9,10,5])(>[11](in3[6,9,11,5])(>[](fold[1,3,4,7,2,9,8])(in2[10,11,3])))))
(>[1,2,3,4,5,6,7](AnchorGauss[1,2,3,4,5,12,6,7])(>[8,9,10](in3[8,9,10,5])(>[11](in3[6,9,11,5])(>[](fold[1,3,4,7,2,9,8])(in2[11,10,3])))))
(>[1,2,3,4,5,6,7](AnchorGauss[1,2,3,4,5,12,6,7])(>[8,9,10](in3[8,9,10,5])(>[11](in3[6,9,11,5])(>[](in2[9,8,3])(fold[1,3,4,7,2,10,11])))))
(>[1,2,3,4,5,6,7](AnchorGauss[1,2,3,4,5,12,6,7])(>[8,9,10](in3[8,9,10,5])(>[11](in3[6,9,11,5])(>[](in2[9,8,3])(fold[1,3,4,7,2,11,10])))))
(>[1,2,3,4,5,6,7](AnchorGauss[1,2,3,4,5,12,6,7])(>[8,9](fold[1,3,4,7,2,8,9])(>[10,11](in3[6,10,11,4])(>[](in3[6,8,10,5])(in2[11,9,3])))))
(>[1,2,3,4,5,6,7](AnchorGauss[1,2,3,4,5,12,6,7])(>[8,9](fold[1,3,4,7,2,8,9])(>[10,11](in3[6,10,11,4])(>[](in3[6,8,10,5])(in2[9,11,3])))))
(>[1,2,3,4,5,6,7](AnchorGauss[1,2,3,4,5,12,6,7])(>[8,9](fold[1,3,4,7,2,8,9])(>[10,11](in3[6,10,11,5])(>[](in3[6,10,8,5])(in2[9,11,3])))))
(>[1,2,3,4,5,6,7](AnchorGauss[1,2,3,4,5,12,6,7])(>[8,9](fold[1,3,4,7,2,8,9])(>[10,11](in3[6,10,11,5])(>[](in3[6,8,10,4])(in2[11,9,3])))))
(>[1,2,3,4,5,6,7](AnchorGauss[1,2,3,4,5,12,6,7])(>[8,9](fold[1,3,4,7,2,8,9])(>[10,11](in3[6,10,11,5])(>[](in3[6,8,10,4])(in2[9,11,3])))))
(>[1,2,3,4,5,6,7](AnchorGauss[1,2,3,4,5,12,6,7])(>[8,9](fold[1,3,4,7,2,8,9])(>[10,11](in3[6,10,11,5])(>[](in3[6,8,10,5])(in2[11,9,3])))))
(>[1,2,3,4,5,6,7](AnchorGauss[1,2,3,4,5,12,6,7])(>[8,9](fold[1,3,4,7,2,8,9])(>[10,11](in3[6,10,11,5])(>[](in3[6,8,10,5])(in2[9,11,3])))))
(>[1,2,3,4,5,6,7](AnchorGauss[1,2,3,4,5,12,6,7])(>[8,9](fold[1,3,4,7,2,8,9])(>[10](in2[8,10,3])(>[11](in3[6,8,11,4])(in3[10,11,9,5])))))
(>[1,2,3,4,5,6,7](AnchorGauss[1,2,3,4,5,12,6,7])(>[8,9](fold[1,3,4,7,2,8,9])(>[10](in2[8,10,3])(>[11](in3[6,8,11,4])(in3[11,10,9,5])))))
(>[1,2,3,4,5,6,7](AnchorGauss[1,2,3,4,5,12,6,7])(>[8,9](fold[1,3,4,7,2,8,9])(>[10](in2[8,10,3])(>[11](in3[6,8,11,4])(in3[11,9,10,5])))))
(>[1,2,3,4,5,6,7](AnchorGauss[1,2,3,4,5,12,6,7])(>[8,9](fold[1,3,4,7,2,8,9])(>[10](in2[8,10,3])(>[11](in3[6,8,11,4])(in3[9,11,10,5])))))
(>[1,2,3,4,5,6,7](AnchorGauss[1,2,3,4,5,12,6,7])(>[8,9](fold[1,3,4,7,2,8,9])(>[10](in2[8,10,3])(>[11](in3[6,8,11,5])(in3[10,11,9,4])))))
(>[1,2,3,4,5,6,7](AnchorGauss[1,2,3,4,5,12,6,7])(>[8,9](fold[1,3,4,7,2,8,9])(>[10](in2[8,10,3])(>[11](in3[6,8,11,5])(in3[10,11,9,5])))))
(>[1,2,3,4,5,6,7](AnchorGauss[1,2,3,4,5,12,6,7])(>[8,9](fold[1,3,4,7,2,8,9])(>[10](in2[8,10,3])(>[11](in3[6,8,11,5])(in3[10,9,11,5])))))
(>[1,2,3,4,5,6,7](AnchorGauss[1,2,3,4,5,12,6,7])(>[8,9](fold[1,3,4,7,2,8,9])(>[10](in2[8,10,3])(>[11](in3[6,8,11,5])(in3[11,10,9,4])))))
(>[1,2,3,4,5,6,7](AnchorGauss[1,2,3,4,5,12,6,7])(>[8,9](fold[1,3,4,7,2,8,9])(>[10](in2[8,10,3])(>[11](in3[6,8,11,5])(in3[11,10,9,5])))))
(>[1,2,3,4,5,6,7](AnchorGauss[1,2,3,4,5,12,6,7])(>[8,9](fold[1,3,4,7,2,8,9])(>[10](in2[8,10,3])(>[11](in3[6,8,11,5])(in3[11,9,10,4])))))
(>[1,2,3,4,5,6,7](AnchorGauss[1,2,3,4,5,12,6,7])(>[8,9](fold[1,3,4,7,2,8,9])(>[10](in2[8,10,3])(>[11](in3[6,8,11,5])(in3[11,9,10,5])))))
(>[1,2,3,4,5,6,7](AnchorGauss[1,2,3,4,5,12,6,7])(>[8,9](fold[1,3,4,7,2,8,9])(>[10](in2[8,10,3])(>[11](in3[6,8,11,5])(in3[9,10,11,5])))))
(>[1,2,3,4,5,6,7](AnchorGauss[1,2,3,4,5,12,6,7])(>[8,9](fold[1,3,4,7,2,8,9])(>[10](in2[8,10,3])(>[11](in3[6,8,11,5])(in3[9,11,10,4])))))
(>[1,2,3,4,5,6,7](AnchorGauss[1,2,3,4,5,12,6,7])(>[8,9](fold[1,3,4,7,2,8,9])(>[10](in2[8,10,3])(>[11](in3[6,8,11,5])(in3[9,11,10,5])))))
(>[1,2,3,4,5,6,7](AnchorGauss[1,2,3,4,5,12,6,7])(>[8,9](fold[1,3,4,7,2,8,9])(>[10](in3[6,8,10,5])(>[11](in3[6,9,11,5])(in2[10,11,3])))))
(>[1,2,3,4,5,6,7](AnchorGauss[1,2,3,4,5,12,6,7])(>[8,9](fold[1,3,4,7,2,8,9])(>[10](in3[6,8,10,5])(>[11](in3[6,9,11,5])(in2[11,10,3])))))
(>[1,2,3,4,5,6,7](AnchorGauss[1,2,3,4,5,12,6,7])(>[8,9](in2[8,9,3])(>[10,11](in3[6,10,11,4])(>[](in3[6,8,10,5])(fold[1,3,4,7,2,11,9])))))
(>[1,2,3,4,5,6,7](AnchorGauss[1,2,3,4,5,12,6,7])(>[8,9](in2[8,9,3])(>[10,11](in3[6,10,11,4])(>[](in3[6,8,10,5])(fold[1,3,4,7,2,9,11])))))
(>[1,2,3,4,5,6,7](AnchorGauss[1,2,3,4,5,12,6,7])(>[8,9](in2[8,9,3])(>[10,11](in3[6,10,11,5])(>[](in3[6,10,8,5])(fold[1,3,4,7,2,11,9])))))
(>[1,2,3,4,5,6,7](AnchorGauss[1,2,3,4,5,12,6,7])(>[8,9](in2[8,9,3])(>[10,11](in3[6,10,11,5])(>[](in3[6,10,8,5])(fold[1,3,4,7,2,9,11])))))
(>[1,2,3,4,5,6,7](AnchorGauss[1,2,3,4,5,12,6,7])(>[8,9](in2[8,9,3])(>[10,11](in3[6,10,11,5])(>[](in3[6,8,10,4])(fold[1,3,4,7,2,11,9])))))
(>[1,2,3,4,5,6,7](AnchorGauss[1,2,3,4,5,12,6,7])(>[8,9](in2[8,9,3])(>[10,11](in3[6,10,11,5])(>[](in3[6,8,10,4])(fold[1,3,4,7,2,9,11])))))
(>[1,2,3,4,5,6,7](AnchorGauss[1,2,3,4,5,12,6,7])(>[8,9](in2[8,9,3])(>[10,11](in3[6,10,11,5])(>[](in3[6,8,10,5])(fold[1,3,4,7,2,11,9])))))
(>[1,2,3,4,5,6,7](AnchorGauss[1,2,3,4,5,12,6,7])(>[8,9](in2[8,9,3])(>[10,11](in3[6,10,11,5])(>[](in3[6,8,10,5])(fold[1,3,4,7,2,9,11])))))
(>[1,2,3,4,5,6,7](AnchorGauss[1,2,3,4,5,12,6,7])(>[8,9](in2[8,9,3])(>[10](in3[6,8,10,5])(>[11](in3[6,9,11,5])(fold[1,3,4,7,2,10,11])))))
(>[1,2,3,4,5,6,7](AnchorGauss[1,2,3,4,5,12,6,7])(>[8,9](in2[8,9,3])(>[10](in3[6,8,10,5])(>[11](in3[6,9,11,5])(fold[1,3,4,7,2,11,10])))))
(>[1,2,3,4,5,6,7](fold[1,2,3,4,5,6,7])(>[8,9,10,11](in3[8,9,10,11])(>[](AnchorGauss[1,5,2,3,11,12,13,4])(>[](in2[8,6,2])(in3[9,7,10,11])))))
(>[1,2,3,4,5,6,7](fold[1,2,3,4,5,6,7])(>[8,9,10](in3[6,8,9,10])(>[11](in2[7,11,2])(>[](AnchorGauss[1,5,2,3,10,12,13,4])(in3[11,8,9,10])))))
(>[1,2,3,4,5,6,7](fold[1,2,3,4,5,6,7])(>[8,9,10](in3[6,8,9,10])(>[11](in2[7,11,2])(>[](AnchorGauss[1,5,2,3,10,12,13,4])(in3[8,11,9,10])))))
(>[1,2,3,4,5,6,7](fold[1,2,3,4,5,6,7])(>[8,9,10](in3[6,8,9,10])(>[11](in2[8,11,2])(>[](AnchorGauss[1,5,2,3,10,12,13,4])(in3[11,7,9,10])))))
(>[1,2,3,4,5,6,7](fold[1,2,3,4,5,6,7])(>[8,9,10](in3[6,8,9,10])(>[11](in2[8,11,2])(>[](AnchorGauss[1,5,2,3,10,12,13,4])(in3[7,11,9,10])))))
(>[1,2,3,4,5,6,7](fold[1,2,3,4,5,6,7])(>[8,9,10](in3[6,8,9,10])(>[11](in2[9,11,2])(>[](AnchorGauss[1,5,2,3,10,12,13,4])(in3[7,8,11,10])))))
(>[1,2,3,4,5,6,7](fold[1,2,3,4,5,6,7])(>[8,9,10](in3[6,8,9,10])(>[11](in2[9,11,2])(>[](AnchorGauss[1,5,2,3,10,12,13,4])(in3[8,7,11,10])))))
(>[1,2,3,4,5,6,7](fold[1,2,3,4,5,6,7])(>[8,9,10](in3[6,8,9,10])(>[](AnchorGauss[1,5,2,3,10,11,12,4])(>[](in2[6,8,2])(in3[6,9,7,10])))))
(>[1,2,3,4,5,6,7](fold[1,2,3,4,5,6,7])(>[8,9,10](in3[6,8,9,10])(>[](AnchorGauss[1,5,2,3,10,11,12,4])(>[](in2[6,8,2])(in3[6,9,7,3])))))
(>[1,2,3,4,5,6,7](fold[1,2,3,4,5,6,7])(>[8,9,10](in3[6,8,9,10])(>[](AnchorGauss[1,5,2,3,10,11,12,4])(>[](in2[6,8,2])(in3[9,6,7,3])))))
(>[1,2,3,4,5,6,7](fold[1,2,3,4,5,6,7])(>[8,9,10](in3[6,8,9,10])(>[](AnchorGauss[1,5,2,3,10,11,12,4])(in3[7,8,9,10]))))
(>[1,2,3,4,5,6,7](fold[1,2,3,4,5,6,7])(>[8,9,10](in3[6,8,9,10])(>[](AnchorGauss[1,5,2,3,10,11,12,4])(in3[8,7,9,10]))))
(>[1,2,3,4,5,6,7](fold[1,2,3,4,5,6,7])(>[8,9,10](in3[7,8,9,10])(>[11](in2[11,6,2])(>[](AnchorGauss[1,5,2,3,10,12,13,4])(in3[11,8,9,10])))))
(>[1,2,3,4,5,6,7](fold[1,2,3,4,5,6,7])(>[8,9,10](in3[7,8,9,10])(>[11](in2[11,6,2])(>[](AnchorGauss[1,5,2,3,10,12,13,4])(in3[8,11,9,10])))))
(>[1,2,3,4,5,6,7](fold[1,2,3,4,5,6,7])(>[8,9,10](in3[7,8,9,10])(>[11](in2[6,11,2])(>[](AnchorGauss[1,5,2,3,10,12,13,4])(in3[11,8,9,10])))))
(>[1,2,3,4,5,6,7](fold[1,2,3,4,5,6,7])(>[8,9,10](in3[7,8,9,10])(>[11](in2[6,11,2])(>[](AnchorGauss[1,5,2,3,10,12,13,4])(in3[8,11,9,10])))))
(>[1,2,3,4,5,6,7](fold[1,2,3,4,5,6,7])(>[8,9,10](in3[7,8,9,10])(>[11](in2[8,11,2])(>[](AnchorGauss[1,5,2,3,10,12,13,4])(in3[11,6,9,10])))))
(>[1,2,3,4,5,6,7](fold[1,2,3,4,5,6,7])(>[8,9,10](in3[7,8,9,10])(>[11](in2[8,11,2])(>[](AnchorGauss[1,5,2,3,10,12,13,4])(in3[6,11,9,10])))))
(>[1,2,3,4,5,6,7](fold[1,2,3,4,5,6,7])(>[8,9,10](in3[7,8,9,10])(>[11](in2[9,11,2])(>[](AnchorGauss[1,5,2,3,10,12,13,4])(in3[6,8,11,10])))))
(>[1,2,3,4,5,6,7](fold[1,2,3,4,5,6,7])(>[8,9,10](in3[7,8,9,10])(>[11](in2[9,11,2])(>[](AnchorGauss[1,5,2,3,10,12,13,4])(in3[8,6,11,10])))))
(>[1,2,3,4,5,6,7](fold[1,2,3,4,5,6,7])(>[8,9,10](in3[7,8,9,10])(>[](AnchorGauss[1,5,2,3,10,11,12,4])(in3[8,6,9,10]))))
(>[1,2,3,4,5,6,7](fold[1,2,3,4,5,6,7])(>[8,9,10](in3[8,6,9,10])(>[11](in2[7,11,2])(>[](AnchorGauss[1,5,2,3,10,12,13,4])(in3[11,8,9,10])))))
(>[1,2,3,4,5,6,7](fold[1,2,3,4,5,6,7])(>[8,9,10](in3[8,6,9,10])(>[11](in2[7,11,2])(>[](AnchorGauss[1,5,2,3,10,12,13,4])(in3[8,11,9,10])))))
(>[1,2,3,4,5,6,7](fold[1,2,3,4,5,6,7])(>[8,9,10](in3[8,6,9,10])(>[11](in2[8,11,2])(>[](AnchorGauss[1,5,2,3,10,12,13,4])(in3[11,7,9,10])))))
(>[1,2,3,4,5,6,7](fold[1,2,3,4,5,6,7])(>[8,9,10](in3[8,6,9,10])(>[11](in2[8,11,2])(>[](AnchorGauss[1,5,2,3,10,12,13,4])(in3[7,11,9,10])))))
(>[1,2,3,4,5,6,7](fold[1,2,3,4,5,6,7])(>[8,9,10](in3[8,6,9,10])(>[11](in2[9,11,2])(>[](AnchorGauss[1,5,2,3,10,12,13,4])(in3[7,8,11,10])))))
(>[1,2,3,4,5,6,7](fold[1,2,3,4,5,6,7])(>[8,9,10](in3[8,6,9,10])(>[11](in2[9,11,2])(>[](AnchorGauss[1,5,2,3,10,12,13,4])(in3[8,7,11,10])))))
(>[1,2,3,4,5,6,7](fold[1,2,3,4,5,6,7])(>[8,9,10](in3[8,6,9,10])(>[](AnchorGauss[1,5,2,3,10,11,12,4])(>[](in2[6,8,2])(in3[6,9,7,3])))))
(>[1,2,3,4,5,6,7](fold[1,2,3,4,5,6,7])(>[8,9,10](in3[8,6,9,10])(>[](AnchorGauss[1,5,2,3,10,11,12,4])(>[](in2[6,8,2])(in3[9,6,7,10])))))
(>[1,2,3,4,5,6,7](fold[1,2,3,4,5,6,7])(>[8,9,10](in3[8,6,9,10])(>[](AnchorGauss[1,5,2,3,10,11,12,4])(>[](in2[6,8,2])(in3[9,6,7,3])))))
(>[1,2,3,4,5,6,7](fold[1,2,3,4,5,6,7])(>[8,9,10](in3[8,6,9,10])(>[](AnchorGauss[1,5,2,3,10,11,12,4])(in3[8,7,9,10]))))
(>[1,2,3,4,5,6,7](fold[1,2,3,4,5,6,7])(>[8,9,10](in3[8,7,9,10])(>[11](in2[11,6,2])(>[](AnchorGauss[1,5,2,3,10,12,13,4])(in3[8,11,9,10])))))
(>[1,2,3,4,5,6,7](fold[1,2,3,4,5,6,7])(>[8,9,10](in3[8,7,9,10])(>[11](in2[6,11,2])(>[](AnchorGauss[1,5,2,3,10,12,13,4])(in3[11,8,9,10])))))
(>[1,2,3,4,5,6,7](fold[1,2,3,4,5,6,7])(>[8,9,10](in3[8,7,9,10])(>[11](in2[6,11,2])(>[](AnchorGauss[1,5,2,3,10,12,13,4])(in3[8,11,9,10])))))
(>[1,2,3,4,5,6,7](fold[1,2,3,4,5,6,7])(>[8,9,10](in3[8,7,9,10])(>[11](in2[8,11,2])(>[](AnchorGauss[1,5,2,3,10,12,13,4])(in3[11,6,9,10])))))
(>[1,2,3,4,5,6,7](fold[1,2,3,4,5,6,7])(>[8,9,10](in3[8,7,9,10])(>[11](in2[8,11,2])(>[](AnchorGauss[1,5,2,3,10,12,13,4])(in3[6,11,9,10])))))
(>[1,2,3,4,5,6,7](fold[1,2,3,4,5,6,7])(>[8,9,10](in3[8,7,9,10])(>[11](in2[9,11,2])(>[](AnchorGauss[1,5,2,3,10,12,13,4])(in3[6,8,11,10])))))
(>[1,2,3,4,5,6,7](fold[1,2,3,4,5,6,7])(>[8,9,10](in3[8,7,9,10])(>[11](in2[9,11,2])(>[](AnchorGauss[1,5,2,3,10,12,13,4])(in3[8,6,11,10])))))
(>[1,2,3,4,5,6,7](fold[1,2,3,4,5,6,7])(>[8,9,10](in3[8,9,10,3])(>[](AnchorGauss[1,5,2,3,11,12,13,4])(>[](in2[8,6,2])(in3[9,7,10,3])))))
(>[1,2,3,4,5,6,7](fold[1,2,3,4,5,6,7])(>[8,9,10](in3[8,9,10,3])(>[](AnchorGauss[1,5,2,3,11,12,8,4])(>[](in3[8,6,9,3])(in2[10,7,2])))))
(>[1,2,3,4,5,6,7](fold[1,2,3,4,5,6,7])(>[8,9,10](in3[8,9,10,3])(>[](AnchorGauss[1,5,2,3,11,12,8,4])(>[](in3[8,6,9,3])(in2[7,10,2])))))
(>[1,2,3,4,5,6,7](fold[1,2,3,4,5,6,7])(>[8,9,10](in3[8,9,10,3])(>[](AnchorGauss[1,5,2,3,11,12,8,4])(>[](in3[8,9,6,3])(in2[7,10,2])))))
(>[1,2,3,4,5,6,7](fold[1,2,3,4,5,6,7])(>[8,9,10](in3[8,9,6,10])(>[11](in2[8,11,2])(>[](AnchorGauss[1,5,2,3,10,12,13,4])(in3[11,9,7,10])))))
(>[1,2,3,4,5,6,7](fold[1,2,3,4,5,6,7])(>[8,9,10](in3[8,9,6,10])(>[11](in2[8,11,2])(>[](AnchorGauss[1,5,2,3,10,12,13,4])(in3[9,11,7,10])))))
(>[1,2,3,4,5,6,7](fold[1,2,3,4,5,6,7])(>[8,9,10](in3[8,9,6,10])(>[11](in2[9,11,2])(>[](AnchorGauss[1,5,2,3,10,12,13,4])(in3[11,8,7,10])))))
(>[1,2,3,4,5,6,7](fold[1,2,3,4,5,6,7])(>[8,9,10](in3[8,9,6,10])(>[11](in2[9,11,2])(>[](AnchorGauss[1,5,2,3,10,12,13,4])(in3[8,11,7,10])))))
(>[1,2,3,4,5,6,7](fold[1,2,3,4,5,6,7])(>[8,9](in2[8,9,2])(>[10](in3[10,6,8,3])(>[](AnchorGauss[1,5,2,3,11,12,13,4])(in3[10,7,9,3])))))
(>[1,2,3,4,5,6,7](fold[1,2,3,4,5,6,7])(>[8,9](in2[8,9,2])(>[10](in3[10,6,8,3])(>[](AnchorGauss[1,5,2,3,11,12,13,4])(in3[7,10,9,3])))))
(>[1,2,3,4,5,6,7](fold[1,2,3,4,5,6,7])(>[8,9](in2[8,9,2])(>[10](in3[10,7,8,3])(>[](AnchorGauss[1,5,2,3,11,12,13,4])(in3[10,6,9,3])))))
(>[1,2,3,4,5,6,7](fold[1,2,3,4,5,6,7])(>[8,9](in2[8,9,2])(>[10](in3[10,7,8,3])(>[](AnchorGauss[1,5,2,3,11,12,13,4])(in3[6,10,9,3])))))
(>[1,2,3,4,5,6,7](fold[1,2,3,4,5,6,7])(>[8,9](in2[8,9,2])(>[10](in3[10,8,6,3])(>[](AnchorGauss[1,5,2,3,11,12,13,4])(in3[10,9,7,3])))))
(>[1,2,3,4,5,6,7](fold[1,2,3,4,5,6,7])(>[8,9](in2[8,9,2])(>[10](in3[10,8,6,3])(>[](AnchorGauss[1,5,2,3,11,12,13,4])(in3[9,10,7,3])))))
(>[1,2,3,4,5,6,7](fold[1,2,3,4,5,6,7])(>[8,9](in2[8,9,2])(>[10](in3[6,10,8,3])(>[](AnchorGauss[1,5,2,3,11,12,13,4])(in3[10,7,9,3])))))
(>[1,2,3,4,5,6,7](fold[1,2,3,4,5,6,7])(>[8,9](in2[8,9,2])(>[10](in3[6,10,8,3])(>[](AnchorGauss[1,5,2,3,11,12,13,4])(in3[7,10,9,3])))))
(>[1,2,3,4,5,6,7](fold[1,2,3,4,5,6,7])(>[8,9](in2[8,9,2])(>[10](in3[6,8,10,3])(>[](AnchorGauss[1,5,2,3,11,12,13,4])(in3[7,9,10,3])))))
(>[1,2,3,4,5,6,7](fold[1,2,3,4,5,6,7])(>[8,9](in2[8,9,2])(>[10](in3[6,8,10,3])(>[](AnchorGauss[1,5,2,3,11,12,13,4])(in3[9,7,10,3])))))
(>[1,2,3,4,5,6,7](fold[1,2,3,4,5,6,7])(>[8,9](in2[8,9,2])(>[10](in3[7,10,8,3])(>[](AnchorGauss[1,5,2,3,11,12,13,4])(in3[10,6,9,3])))))
(>[1,2,3,4,5,6,7](fold[1,2,3,4,5,6,7])(>[8,9](in2[8,9,2])(>[10](in3[7,10,8,3])(>[](AnchorGauss[1,5,2,3,11,12,13,4])(in3[6,10,9,3])))))
(>[1,2,3,4,5,6,7](fold[1,2,3,4,5,6,7])(>[8,9](in2[8,9,2])(>[10](in3[7,8,10,3])(>[](AnchorGauss[1,5,2,3,11,12,13,4])(in3[6,9,10,3])))))
(>[1,2,3,4,5,6,7](fold[1,2,3,4,5,6,7])(>[8,9](in2[8,9,2])(>[10](in3[7,8,10,3])(>[](AnchorGauss[1,5,2,3,11,12,13,4])(in3[9,6,10,3])))))
(>[1,2,3,4,5,6,7](fold[1,2,3,4,5,6,7])(>[8,9](in2[8,9,2])(>[10](in3[8,10,6,3])(>[](AnchorGauss[1,5,2,3,11,12,13,4])(in3[10,9,7,3])))))
(>[1,2,3,4,5,6,7](fold[1,2,3,4,5,6,7])(>[8,9](in2[8,9,2])(>[10](in3[8,10,6,3])(>[](AnchorGauss[1,5,2,3,11,12,13,4])(in3[9,10,7,3])))))
(>[1,2,3,4,5,6,7](fold[1,2,3,4,5,6,7])(>[8,9](in2[8,9,2])(>[10](in3[8,6,10,3])(>[](AnchorGauss[1,5,2,3,11,12,13,4])(in3[7,9,10,3])))))
(>[1,2,3,4,5,6,7](fold[1,2,3,4,5,6,7])(>[8,9](in2[8,9,2])(>[10](in3[8,6,10,3])(>[](AnchorGauss[1,5,2,3,11,12,13,4])(in3[9,7,10,3])))))
(>[1,2,3,4,5,6,7](fold[1,2,3,4,5,6,7])(>[8,9](in2[8,9,2])(>[10](in3[8,7,10,3])(>[](AnchorGauss[1,5,2,3,11,12,13,4])(in3[6,9,10,3])))))
(>[1,2,3,4,5,6,7](fold[1,2,3,4,5,6,7])(>[8,9](in2[8,9,2])(>[10](in3[8,7,10,3])(>[](AnchorGauss[1,5,2,3,11,12,13,4])(in3[9,6,10,3])))))
(>[1,2,3,4,5,6,7](fold[1,2,3,4,5,6,7])(>[8,9](in3[6,7,8,9])(>[10](in2[6,10,2])(>[](AnchorGauss[1,5,2,3,9,11,12,4])(in3[10,6,8,9])))))
(>[1,2,3,4,5,6,7](fold[1,2,3,4,5,6,7])(>[8,9](in3[6,7,8,9])(>[10](in2[6,10,2])(>[](AnchorGauss[1,5,2,3,9,11,12,4])(in3[6,10,8,9])))))
(>[1,2,3,4,5,6,7](fold[1,2,3,4,5,6,7])(>[8,9](in3[6,7,8,9])(>[10](in2[6,10,2])(>[](AnchorGauss[1,5,2,3,9,11,12,4])(in3[6,8,10,3])))))
(>[1,2,3,4,5,6,7](fold[1,2,3,4,5,6,7])(>[8,9](in3[6,7,8,9])(>[10](in2[6,10,2])(>[](AnchorGauss[1,5,2,3,9,11,12,4])(in3[6,8,10,9])))))
(>[1,2,3,4,5,6,7](fold[1,2,3,4,5,6,7])(>[8,9](in3[6,7,8,9])(>[10](in2[6,10,2])(>[](AnchorGauss[1,5,2,3,9,11,12,4])(in3[8,6,10,3])))))
(>[1,2,3,4,5,6,7](fold[1,2,3,4,5,6,7])(>[8,9](in3[6,8,9,3])(>[10](AnchorGauss[1,5,2,3,10,11,12,4])(>[](in2[6,8,2])(in3[6,9,7,10])))))
(>[1,2,3,4,5,6,7](fold[1,2,3,4,5,6,7])(>[8,9](in3[6,8,9,3])(>[10](AnchorGauss[1,5,2,3,10,11,12,4])(>[](in2[6,8,2])(in3[9,6,7,10])))))
(>[1,2,3,4,5,6,7](fold[1,2,3,4,5,6,7])(>[8,9](in3[6,8,9,3])(>[10](AnchorGauss[1,5,2,3,11,12,10,4])(>[](in2[6,8,2])(in3[10,7,9,3])))))
(>[1,2,3,4,5,6,7](fold[1,2,3,4,5,6,7])(>[8,9](in3[6,8,9,3])(>[10](AnchorGauss[1,5,2,3,11,12,10,4])(>[](in2[6,8,2])(in3[10,9,7,3])))))
(>[1,2,3,4,5,6,7](fold[1,2,3,4,5,6,7])(>[8,9](in3[6,8,9,3])(>[10](in2[7,10,2])(>[](AnchorGauss[1,5,2,3,11,12,13,4])(in3[10,8,9,3])))))
(>[1,2,3,4,5,6,7](fold[1,2,3,4,5,6,7])(>[8,9](in3[6,8,9,3])(>[10](in2[7,10,2])(>[](AnchorGauss[1,5,2,3,11,12,13,4])(in3[8,10,9,3])))))
(>[1,2,3,4,5,6,7](fold[1,2,3,4,5,6,7])(>[8,9](in3[6,8,9,3])(>[](AnchorGauss[1,5,2,3,10,11,12,4])(>[](in2[6,8,2])(in3[6,9,7,3])))))
(>[1,2,3,4,5,6,7](fold[1,2,3,4,5,6,7])(>[8,9](in3[6,8,9,3])(>[](AnchorGauss[1,5,2,3,10,11,12,4])(in3[7,8,9,3]))))
(>[1,2,3,4,5,6,7](fold[1,2,3,4,5,6,7])(>[8,9](in3[6,8,9,3])(>[](AnchorGauss[1,5,2,3,10,11,12,4])(in3[8,7,9,3]))))
(>[1,2,3,4,5,6,7](fold[1,2,3,4,5,6,7])(>[8,9](in3[7,6,8,9])(>[10](in2[6,10,2])(>[](AnchorGauss[1,5,2,3,9,11,12,4])(in3[10,6,8,9])))))
(>[1,2,3,4,5,6,7](fold[1,2,3,4,5,6,7])(>[8,9](in3[7,6,8,9])(>[10](in2[6,10,2])(>[](AnchorGauss[1,5,2,3,9,11,12,4])(in3[6,10,8,9])))))
(>[1,2,3,4,5,6,7](fold[1,2,3,4,5,6,7])(>[8,9](in3[7,6,8,9])(>[10](in2[6,10,2])(>[](AnchorGauss[1,5,2,3,9,11,12,4])(in3[6,8,10,3])))))
(>[1,2,3,4,5,6,7](fold[1,2,3,4,5,6,7])(>[8,9](in3[7,6,8,9])(>[10](in2[6,10,2])(>[](AnchorGauss[1,5,2,3,9,11,12,4])(in3[8,6,10,3])))))
(>[1,2,3,4,5,6,7](fold[1,2,3,4,5,6,7])(>[8,9](in3[7,6,8,9])(>[10](in2[6,10,2])(>[](AnchorGauss[1,5,2,3,9,11,12,4])(in3[8,6,10,9])))))
(>[1,2,3,4,5,6,7](fold[1,2,3,4,5,6,7])(>[8,9](in3[7,8,9,3])(>[10](in2[10,6,2])(>[](AnchorGauss[1,5,2,3,11,12,13,4])(in3[10,8,9,3])))))
(>[1,2,3,4,5,6,7](fold[1,2,3,4,5,6,7])(>[8,9](in3[7,8,9,3])(>[10](in2[10,6,2])(>[](AnchorGauss[1,5,2,3,11,12,13,4])(in3[8,10,9,3])))))
(>[1,2,3,4,5,6,7](fold[1,2,3,4,5,6,7])(>[8,9](in3[7,8,9,3])(>[10](in2[6,10,2])(>[](AnchorGauss[1,5,2,3,11,12,13,4])(in3[10,8,9,3])))))
(>[1,2,3,4,5,6,7](fold[1,2,3,4,5,6,7])(>[8,9](in3[7,8,9,3])(>[10](in2[6,10,2])(>[](AnchorGauss[1,5,2,3,11,12,13,4])(in3[8,10,9,3])))))
(>[1,2,3,4,5,6,7](fold[1,2,3,4,5,6,7])(>[8,9](in3[7,8,9,3])(>[](AnchorGauss[1,5,2,3,10,11,12,4])(in3[8,6,9,3]))))
(>[1,2,3,4,5,6,7](fold[1,2,3,4,5,6,7])(>[8,9](in3[8,6,9,3])(>[10](AnchorGauss[1,5,2,3,10,11,12,4])(>[](in2[6,8,2])(in3[6,9,7,10])))))
(>[1,2,3,4,5,6,7](fold[1,2,3,4,5,6,7])(>[8,9](in3[8,6,9,3])(>[10](AnchorGauss[1,5,2,3,10,11,12,4])(>[](in2[6,8,2])(in3[9,6,7,10])))))
(>[1,2,3,4,5,6,7](fold[1,2,3,4,5,6,7])(>[8,9](in3[8,6,9,3])(>[10](AnchorGauss[1,5,2,3,11,12,10,4])(>[](in2[6,8,2])(in3[10,7,9,3])))))
(>[1,2,3,4,5,6,7](fold[1,2,3,4,5,6,7])(>[8,9](in3[8,6,9,3])(>[10](AnchorGauss[1,5,2,3,11,12,10,4])(>[](in2[6,8,2])(in3[10,9,7,3])))))
(>[1,2,3,4,5,6,7](fold[1,2,3,4,5,6,7])(>[8,9](in3[8,6,9,3])(>[10](AnchorGauss[1,5,2,3,11,12,10,4])(>[](in3[10,6,8,3])(in2[7,9,2])))))
(>[1,2,3,4,5,6,7](fold[1,2,3,4,5,6,7])(>[8,9](in3[8,6,9,3])(>[10](AnchorGauss[1,5,2,3,11,12,10,4])(>[](in3[10,6,8,3])(in2[9,7,2])))))
(>[1,2,3,4,5,6,7](fold[1,2,3,4,5,6,7])(>[8,9](in3[8,6,9,3])(>[10](in2[6,10,2])(>[](AnchorGauss[1,5,2,3,11,12,8,4])(in3[10,7,9,3])))))
(>[1,2,3,4,5,6,7](fold[1,2,3,4,5,6,7])(>[8,9](in3[8,6,9,3])(>[10](in2[6,10,2])(>[](AnchorGauss[1,5,2,3,11,12,8,4])(in3[10,9,7,3])))))
(>[1,2,3,4,5,6,7](fold[1,2,3,4,5,6,7])(>[8,9](in3[8,6,9,3])(>[10](in2[6,10,2])(>[](AnchorGauss[1,5,2,3,11,12,8,4])(in3[7,10,9,3])))))
(>[1,2,3,4,5,6,7](fold[1,2,3,4,5,6,7])(>[8,9](in3[8,6,9,3])(>[10](in2[6,10,2])(>[](AnchorGauss[1,5,2,3,11,12,8,4])(in3[7,9,10,3])))))
(>[1,2,3,4,5,6,7](fold[1,2,3,4,5,6,7])(>[8,9](in3[8,6,9,3])(>[10](in2[6,10,2])(>[](AnchorGauss[1,5,2,3,11,12,8,4])(in3[9,10,7,3])))))
(>[1,2,3,4,5,6,7](fold[1,2,3,4,5,6,7])(>[8,9](in3[8,6,9,3])(>[10](in2[6,10,2])(>[](AnchorGauss[1,5,2,3,11,12,8,4])(in3[9,7,10,3])))))
(>[1,2,3,4,5,6,7](fold[1,2,3,4,5,6,7])(>[8,9](in3[8,6,9,3])(>[10](in2[7,10,2])(>[](AnchorGauss[1,5,2,3,11,12,13,4])(in3[10,8,9,3])))))
(>[1,2,3,4,5,6,7](fold[1,2,3,4,5,6,7])(>[8,9](in3[8,6,9,3])(>[10](in2[7,10,2])(>[](AnchorGauss[1,5,2,3,11,12,13,4])(in3[8,10,9,3])))))
(>[1,2,3,4,5,6,7](fold[1,2,3,4,5,6,7])(>[8,9](in3[8,6,9,3])(>[10](in3[6,7,10,3])(>[](AnchorGauss[1,5,2,3,11,12,8,4])(in2[10,9,2])))))
(>[1,2,3,4,5,6,7](fold[1,2,3,4,5,6,7])(>[8,9](in3[8,6,9,3])(>[10](in3[6,7,10,3])(>[](AnchorGauss[1,5,2,3,11,12,8,4])(in2[9,10,2])))))
(>[1,2,3,4,5,6,7](fold[1,2,3,4,5,6,7])(>[8,9](in3[8,6,9,3])(>[10](in3[7,6,10,3])(>[](AnchorGauss[1,5,2,3,11,12,8,4])(in2[10,9,2])))))
(>[1,2,3,4,5,6,7](fold[1,2,3,4,5,6,7])(>[8,9](in3[8,6,9,3])(>[10](in3[7,6,10,3])(>[](AnchorGauss[1,5,2,3,11,12,8,4])(in2[9,10,2])))))
(>[1,2,3,4,5,6,7](fold[1,2,3,4,5,6,7])(>[8,9](in3[8,6,9,3])(>[10](in3[8,7,10,3])(>[](AnchorGauss[1,5,2,3,11,12,8,4])(in2[10,9,2])))))
(>[1,2,3,4,5,6,7](fold[1,2,3,4,5,6,7])(>[8,9](in3[8,6,9,3])(>[10](in3[8,7,10,3])(>[](AnchorGauss[1,5,2,3,11,12,8,4])(in2[9,10,2])))))
(>[1,2,3,4,5,6,7](fold[1,2,3,4,5,6,7])(>[8,9](in3[8,6,9,3])(>[](AnchorGauss[1,5,2,3,10,11,12,4])(>[](in2[6,8,2])(in3[9,6,7,3])))))
(>[1,2,3,4,5,6,7](fold[1,2,3,4,5,6,7])(>[8,9](in3[8,6,9,3])(>[](AnchorGauss[1,5,2,3,10,11,12,4])(in3[8,7,9,3]))))
(>[1,2,3,4,5,6,7](fold[1,2,3,4,5,6,7])(>[8,9](in3[8,6,9,3])(>[](AnchorGauss[1,5,2,3,10,11,8,4])(in3[6,7,9,3]))))
(>[1,2,3,4,5,6,7](fold[1,2,3,4,5,6,7])(>[8,9](in3[8,6,9,3])(>[](AnchorGauss[1,5,2,3,10,11,8,4])(in3[8,7,9,3]))))
(>[1,2,3,4,5,6,7](fold[1,2,3,4,5,6,7])(>[8,9](in3[8,6,9,3])(>[](AnchorGauss[1,5,2,3,10,11,8,4])(in3[8,9,7,3]))))
(>[1,2,3,4,5,6,7](fold[1,2,3,4,5,6,7])(>[8,9](in3[8,6,9,3])(>[](AnchorGauss[1,5,2,3,10,11,8,4])(in3[9,6,7,3]))))
(>[1,2,3,4,5,6,7](fold[1,2,3,4,5,6,7])(>[8,9](in3[8,7,9,3])(>[10](in2[10,6,2])(>[](AnchorGauss[1,5,2,3,11,12,13,4])(in3[8,10,9,3])))))
(>[1,2,3,4,5,6,7](fold[1,2,3,4,5,6,7])(>[8,9](in3[8,7,9,3])(>[10](in2[6,10,2])(>[](AnchorGauss[1,5,2,3,11,12,13,4])(in3[10,8,9,3])))))
(>[1,2,3,4,5,6,7](fold[1,2,3,4,5,6,7])(>[8,9](in3[8,7,9,3])(>[10](in2[6,10,2])(>[](AnchorGauss[1,5,2,3,11,12,13,4])(in3[8,10,9,3])))))
(>[1,2,3,4,5,6,7](fold[1,2,3,4,5,6,7])(>[8](AnchorGauss[1,5,2,3,10,11,8,4])(>[9](in2[6,9,2])(in3[8,7,9,3]))))
(>[1,2,3,4,5,6,7](fold[1,2,3,4,5,6,7])(>[8](AnchorGauss[1,5,2,3,10,11,8,4])(>[9](in2[6,9,2])(in3[8,9,7,3]))))
(>[1,2,3,4,5,6,7](fold[1,2,3,4,5,6,7])(>[8](AnchorGauss[1,5,2,3,10,11,8,4])(>[9](in2[7,9,2])(in3[8,6,9,3]))))
(>[1,2,3,4,5,6,7](fold[1,2,3,4,5,6,7])(>[8](AnchorGauss[1,5,2,3,10,11,8,4])(>[9](in3[7,6,9,3])(in3[8,6,9,3]))))
(>[1,2,3,4,5,6,7](fold[1,2,3,4,5,6,7])(>[8](AnchorGauss[1,5,2,3,11,12,8,4])(>[9](in2[6,9,2])(>[10](in3[6,7,10,3])(in3[8,10,9,3])))))
(>[1,2,3,4,5,6,7](fold[1,2,3,4,5,6,7])(>[8](AnchorGauss[1,5,2,3,11,12,8,4])(>[9](in2[6,9,2])(>[10](in3[6,7,10,3])(in3[8,9,10,3])))))
(>[1,2,3,4,5,6,7](fold[1,2,3,4,5,6,7])(>[8](AnchorGauss[1,5,2,3,11,12,8,4])(>[9](in2[6,9,2])(>[10](in3[7,6,10,3])(in3[8,10,9,3])))))
(>[1,2,3,4,5,6,7](fold[1,2,3,4,5,6,7])(>[8](AnchorGauss[1,5,2,3,11,12,8,4])(>[9](in2[6,9,2])(>[10](in3[7,6,10,3])(in3[8,9,10,3])))))
(>[1,2,3,4,5,6,7](fold[1,2,3,4,5,6,7])(>[8](AnchorGauss[1,5,2,3,8,10,11,4])(>[9](in2[6,9,2])(in3[6,7,9,8]))))
(>[1,2,3,4,5,6,7](fold[1,2,3,4,5,6,7])(>[8](AnchorGauss[1,5,2,3,8,10,11,4])(>[9](in2[6,9,2])(in3[6,9,7,8]))))
(>[1,2,3,4,5,6,7](fold[1,2,3,4,5,6,7])(>[8](AnchorGauss[1,5,2,3,8,10,11,4])(>[9](in2[6,9,2])(in3[7,6,9,8]))))
(>[1,2,3,4,5,6,7](fold[1,2,3,4,5,6,7])(>[8](AnchorGauss[1,5,2,3,8,10,11,4])(>[9](in2[6,9,2])(in3[9,6,7,8]))))
(>[1,2,3,4,5,6,7](fold[1,2,3,4,5,6,7])(>[8](AnchorGauss[1,5,2,3,8,11,12,4])(>[9](in2[6,9,2])(>[10](in3[6,7,10,3])(in3[10,6,9,8])))))
(>[1,2,3,4,5,6,7](fold[1,2,3,4,5,6,7])(>[8](AnchorGauss[1,5,2,3,8,11,12,4])(>[9](in2[6,9,2])(>[10](in3[6,7,10,3])(in3[6,10,9,8])))))
(>[1,2,3,4,5,6,7](fold[1,2,3,4,5,6,7])(>[8](AnchorGauss[1,5,2,3,8,11,12,4])(>[9](in2[6,9,2])(>[10](in3[7,6,10,3])(in3[10,6,9,8])))))
(>[1,2,3,4,5,6,7](fold[1,2,3,4,5,6,7])(>[8](AnchorGauss[1,5,2,3,8,11,12,4])(>[9](in2[6,9,2])(>[10](in3[7,6,10,3])(in3[6,10,9,8])))))
(>[1,2,3,4,5,6,7](fold[1,2,3,4,5,6,7])(>[8](in2[6,8,2])(>[9](in3[6,7,9,3])(>[](AnchorGauss[1,5,2,3,10,11,12,4])(in3[6,8,9,3])))))
(>[1,2,3,4,5,6,7](fold[1,2,3,4,5,6,7])(>[8](in2[6,8,2])(>[9](in3[6,7,9,3])(>[](AnchorGauss[1,5,2,3,10,11,12,4])(in3[6,9,8,3])))))
(>[1,2,3,4,5,6,7](fold[1,2,3,4,5,6,7])(>[8](in2[6,8,2])(>[9](in3[6,7,9,3])(>[](AnchorGauss[1,5,2,3,10,11,12,4])(in3[8,6,9,3])))))
(>[1,2,3,4,5,6,7](fold[1,2,3,4,5,6,7])(>[8](in2[6,8,2])(>[9](in3[7,6,9,3])(>[](AnchorGauss[1,5,2,3,10,11,12,4])(in3[6,8,9,3])))))
(>[1,2,3,4,5,6,7](fold[1,2,3,4,5,6,7])(>[8](in2[6,8,2])(>[9](in3[7,6,9,3])(>[](AnchorGauss[1,5,2,3,10,11,12,4])(in3[8,6,9,3])))))
(>[1,2,3,4,5,6,7](fold[1,2,3,4,5,6,7])(>[8](in2[6,8,2])(>[9](in3[7,6,9,3])(>[](AnchorGauss[1,5,2,3,10,11,12,4])(in3[9,6,8,3])))))
(>[1,2,3,4,5,6,7](fold[1,2,3,4,5,6,7])(>[8](in2[6,8,2])(>[](AnchorGauss[1,5,2,3,9,10,11,4])(in3[6,7,8,3]))))
(>[1,2,3,4,5,6,7](fold[1,2,3,4,5,6,7])(>[8](in2[6,8,2])(>[](AnchorGauss[1,5,2,3,9,10,11,4])(in3[6,8,7,3]))))
(>[1,2,3,4,5,6,7](fold[1,2,3,4,5,6,7])(>[8](in2[6,8,2])(>[](AnchorGauss[1,5,2,3,9,10,11,4])(in3[7,6,8,3]))))
(>[1,2,3,4,5,6,7](fold[1,2,3,4,5,6,7])(>[8](in2[6,8,2])(>[](AnchorGauss[1,5,2,3,9,10,11,4])(in3[8,6,7,3]))))
(>[1,2,3,4,5,6](AnchorGauss[1,2,3,4,10,11,5,6])(>[7,8](in2[7,8,3])(>[9](in3[5,7,9,4])(fold[1,3,4,6,2,8,9]))))
(>[1,2,3,4,5,6](AnchorGauss[1,2,3,4,10,11,5,6])(>[7,8](in2[7,8,3])(>[9](in3[5,7,9,4])(fold[1,3,4,6,2,9,8]))))
(>[1,2,3,4,5,6](AnchorGauss[1,2,3,4,10,11,5,6])(>[7,8](in2[7,8,3])(>[9](in3[5,9,7,4])(fold[1,3,4,6,2,9,8]))))
(>[1,2,3,4,5,6](AnchorGauss[1,2,3,4,10,11,5,6])(>[7,8](in3[5,7,8,4])(>[9](in3[5,7,9,4])(fold[1,3,4,6,2,8,9]))))
(>[1,2,3,4,5,6](AnchorGauss[1,2,3,4,11,12,5,6])(>[7,8,9](in3[7,8,9,4])(>[10](in2[8,10,3])(>[](in3[5,8,7,4])(fold[1,3,4,6,2,10,9])))))
(>[1,2,3,4,5,6](AnchorGauss[1,2,3,4,11,12,5,6])(>[7,8,9](in3[7,8,9,4])(>[10](in2[8,10,3])(>[](in3[5,8,7,4])(fold[1,3,4,6,2,9,10])))))
(>[1,2,3,4,5,6](AnchorGauss[1,2,3,4,11,12,5,6])(>[7,8,9](in3[7,8,9,4])(>[10](in3[5,7,10,4])(>[](in2[7,8,3])(fold[1,3,4,6,2,10,9])))))
(>[1,2,3,4,5,6](AnchorGauss[1,2,3,4,11,12,5,6])(>[7,8,9](in3[7,8,9,4])(>[10](in3[5,7,10,4])(>[](in2[7,8,3])(fold[1,3,4,6,2,9,10])))))
(>[1,2,3,4,5,6](AnchorGauss[1,2,3,4,11,12,5,6])(>[7,8,9](in3[7,8,9,4])(>[10](in3[5,8,10,4])(>[](in2[8,7,3])(fold[1,3,4,6,2,10,9])))))
(>[1,2,3,4,5,6](AnchorGauss[1,2,3,4,11,12,5,6])(>[7,8,9](in3[7,8,9,4])(>[10](in3[5,8,10,4])(>[](in2[8,7,3])(fold[1,3,4,6,2,9,10])))))
(>[1,2,3,4,5,6](AnchorGauss[1,2,3,4,11,12,5,6])(>[7,8](in2[7,8,3])(>[9,10](in3[5,9,10,4])(>[](in3[5,7,9,4])(fold[1,3,4,6,2,10,8])))))
(>[1,2,3,4,5,6](AnchorGauss[1,2,3,4,11,12,5,6])(>[7,8](in2[7,8,3])(>[9,10](in3[5,9,10,4])(>[](in3[5,7,9,4])(fold[1,3,4,6,2,8,10])))))
(>[1,2,3,4,5,6](AnchorGauss[1,2,3,4,11,12,5,6])(>[7,8](in2[7,8,3])(>[9,10](in3[5,9,10,4])(>[](in3[5,9,7,4])(fold[1,3,4,6,2,10,8])))))
(>[1,2,3,4,5,6](AnchorGauss[1,2,3,4,11,12,5,6])(>[7,8](in2[7,8,3])(>[9,10](in3[5,9,10,4])(>[](in3[5,9,7,4])(fold[1,3,4,6,2,8,10])))))
(>[1,2,3,4,5,6](AnchorGauss[1,2,3,4,11,12,5,6])(>[7,8](in2[7,8,3])(>[9](in3[5,7,9,4])(>[10](in3[5,8,10,4])(fold[1,3,4,6,2,10,9])))))
(>[1,2,3,4,5,6](AnchorGauss[1,2,3,4,11,12,5,6])(>[7,8](in2[7,8,3])(>[9](in3[5,7,9,4])(>[10](in3[5,8,10,4])(fold[1,3,4,6,2,9,10])))))
(>[1,2,3,4,5,6](AnchorGauss[1,2,3,4,5,12,13,6])(>[7,8,9](in3[7,8,9,5])(>[10,11](in3[10,7,11,5])(>[](in2[10,8,3])(fold[1,3,4,6,2,9,11])))))
(>[1,2,3,4,5,6](AnchorGauss[1,2,3,4,5,12,13,6])(>[7,8,9](in3[7,8,9,5])(>[10,11](in3[10,7,11,5])(>[](in2[8,10,3])(fold[1,3,4,6,2,11,9])))))
(>[1,2,3,4,5,6](AnchorGauss[1,2,3,4,5,12,13,6])(>[7,8,9](in3[7,8,9,5])(>[10,11](in3[10,8,11,5])(>[](in2[10,7,3])(fold[1,3,4,6,2,9,11])))))
(>[1,2,3,4,5,6](AnchorGauss[1,2,3,4,5,12,13,6])(>[7,8,9](in3[7,8,9,5])(>[10,11](in3[7,10,11,5])(>[](in2[10,8,3])(fold[1,3,4,6,2,9,11])))))
(>[1,2,3,4,5,6](AnchorGauss[1,2,3,4,9,10,5,6])(>[7,8](in3[5,7,8,4])(fold[1,3,4,6,2,7,8])))
(>[1,2,3,4,5](AnchorGauss[1,2,3,4,10,11,5,12])(>[6,7](in2[6,7,3])(>[8,9](limitSequence[1,4,5,8,9])(>[](sequence[1,4,2,6,8])(sequence[1,4,2,7,9])))))
(>[1,2,3,4,5](AnchorGauss[1,2,3,4,10,11,5,12])(>[6,7](in2[6,7,3])(>[8,9](limitSequence[1,4,5,8,9])(>[](sequence[1,4,2,6,9])(sequence[1,4,2,7,8])))))
(>[1,2,3,4,5](AnchorGauss[1,2,3,4,10,11,5,12])(>[6,7](in2[6,7,3])(>[8,9](limitSequence[1,4,5,8,9])(>[](sequence[1,4,2,7,8])(sequence[1,4,2,6,9])))))
(>[1,2,3,4,5](AnchorGauss[1,2,3,4,10,11,5,12])(>[6,7](in2[6,7,3])(>[8,9](limitSequence[1,4,5,8,9])(>[](sequence[1,4,2,7,9])(sequence[1,4,2,6,8])))))
(>[1,2,3,4,5](AnchorGauss[1,2,3,4,10,11,5,12])(>[6,7](in2[6,7,3])(>[8,9](limitSet[1,4,8,5,9])(>[](interval[1,4,2,6,8])(interval[1,4,2,7,9])))))
(>[1,2,3,4,5](AnchorGauss[1,2,3,4,10,11,5,12])(>[6,7](in2[6,7,3])(>[8,9](limitSet[1,4,8,5,9])(>[](interval[1,4,2,6,9])(interval[1,4,2,7,8])))))
(>[1,2,3,4,5](AnchorGauss[1,2,3,4,10,11,5,12])(>[6,7](in2[6,7,3])(>[8,9](limitSet[1,4,8,5,9])(>[](interval[1,4,2,7,8])(interval[1,4,2,6,9])))))
(>[1,2,3,4,5](AnchorGauss[1,2,3,4,10,11,5,12])(>[6,7](in2[6,7,3])(>[8,9](limitSet[1,4,8,5,9])(>[](interval[1,4,2,7,9])(interval[1,4,2,6,8])))))
(>[1,2,3,4,5](AnchorGauss[1,2,3,4,10,5,11,12])(>[6,7](in2[6,7,3])(>[8,9](limitSequence[1,4,5,8,9])(>[](sequence[1,4,2,6,8])(sequence[1,4,2,7,9])))))
(>[1,2,3,4,5](AnchorGauss[1,2,3,4,10,5,11,12])(>[6,7](in2[6,7,3])(>[8,9](limitSequence[1,4,5,8,9])(>[](sequence[1,4,2,6,9])(sequence[1,4,2,7,8])))))
(>[1,2,3,4,5](AnchorGauss[1,2,3,4,10,5,11,12])(>[6,7](in2[6,7,3])(>[8,9](limitSequence[1,4,5,8,9])(>[](sequence[1,4,2,7,8])(sequence[1,4,2,6,9])))))
(>[1,2,3,4,5](AnchorGauss[1,2,3,4,10,5,11,12])(>[6,7](in2[6,7,3])(>[8,9](limitSequence[1,4,5,8,9])(>[](sequence[1,4,2,7,9])(sequence[1,4,2,6,8])))))
(>[1,2,3,4,5](AnchorGauss[1,2,3,4,10,5,11,12])(>[6,7](in2[6,7,3])(>[8,9](limitSet[1,4,8,5,9])(>[](interval[1,4,2,6,8])(interval[1,4,2,7,9])))))
(>[1,2,3,4,5](AnchorGauss[1,2,3,4,10,5,11,12])(>[6,7](in2[6,7,3])(>[8,9](limitSet[1,4,8,5,9])(>[](interval[1,4,2,6,9])(interval[1,4,2,7,8])))))
(>[1,2,3,4,5](AnchorGauss[1,2,3,4,10,5,11,12])(>[6,7](in2[6,7,3])(>[8,9](limitSet[1,4,8,5,9])(>[](interval[1,4,2,7,8])(interval[1,4,2,6,9])))))
(>[1,2,3,4,5](AnchorGauss[1,2,3,4,10,5,11,12])(>[6,7](in2[6,7,3])(>[8,9](limitSet[1,4,8,5,9])(>[](interval[1,4,2,7,9])(interval[1,4,2,6,8])))))
(>[1,2,3,4,5](AnchorGauss[1,2,3,4,11,12,13,5])(>[6,7,8](in3[6,7,8,4])(>[9,10](in3[6,9,10,4])(>[](in2[7,9,3])(fold[1,3,4,5,2,10,8])))))
(>[1,2,3,4,5](AnchorGauss[1,2,3,4,11,12,13,5])(>[6,7,8](in3[6,7,8,4])(>[9,10](in3[7,9,10,4])(>[](in2[6,9,3])(fold[1,3,4,5,2,10,8])))))
(>[1,2,3,4,5](AnchorGauss[1,2,3,4,11,12,13,5])(>[6,7,8](in3[6,7,8,4])(>[9,10](in3[7,9,10,4])(>[](in2[9,6,3])(fold[1,3,4,5,2,8,10])))))
(>[1,2,3,4,5](AnchorGauss[1,2,3,4,11,12,13,5])(>[6,7,8](in3[6,7,8,4])(>[9,10](in3[9,7,10,4])(>[](in2[6,9,3])(fold[1,3,4,5,2,10,8])))))
(>[1,2,3,4,5](AnchorGauss[1,2,3,4,8,9,10,5])(>[6,7](in2[6,7,3])(fold[1,3,4,5,2,6,7])))
(>[1,2,3,4,5](interval[1,2,3,4,5])(>[6,7](in2[4,6,7])(>[8](limitSet[1,2,5,3,8])(>[](AnchorGauss[1,3,7,2,9,10,11,12])(interval[1,2,3,6,8])))))
(>[1,2,3,4,5](interval[1,2,3,4,5])(>[6,7](in2[4,6,7])(>[8](limitSet[1,2,5,4,8])(>[](AnchorGauss[1,3,7,2,9,10,11,12])(interval[1,2,3,6,8])))))
(>[1,2,3,4,5](interval[1,2,3,4,5])(>[6,7](in2[4,6,7])(>[8](limitSet[1,2,5,6,8])(>[](AnchorGauss[1,3,7,2,9,10,11,12])(interval[1,2,3,6,8])))))
(>[1,2,3,4,5](interval[1,2,3,4,5])(>[6,7](in2[4,6,7])(>[8](limitSet[1,2,8,3,5])(>[](AnchorGauss[1,3,7,2,9,10,11,12])(interval[1,2,3,6,8])))))
(>[1,2,3,4,5](interval[1,2,3,4,5])(>[6,7](in2[4,6,7])(>[8](limitSet[1,2,8,4,5])(>[](AnchorGauss[1,3,7,2,9,10,11,12])(interval[1,2,3,6,8])))))
(>[1,2,3,4,5](interval[1,2,3,4,5])(>[6,7](in2[4,6,7])(>[8](limitSet[1,2,8,6,5])(>[](AnchorGauss[1,3,7,2,9,10,11,12])(interval[1,2,3,6,8])))))
(>[1,2,3,4,5](interval[1,2,3,4,5])(>[6,7](in2[4,6,7])(>[](AnchorGauss[1,3,7,2,8,9,10,11])(interval[1,2,3,6,5]))))
(>[1,2,3,4,5](interval[1,2,3,4,5])(>[6,7](in2[6,4,7])(>[8](limitSet[1,2,5,3,8])(>[](AnchorGauss[1,3,7,2,9,10,11,12])(interval[1,2,3,6,8])))))
(>[1,2,3,4,5](interval[1,2,3,4,5])(>[6,7](in2[6,4,7])(>[8](limitSet[1,2,5,4,8])(>[](AnchorGauss[1,3,7,2,9,10,11,12])(interval[1,2,3,6,8])))))
(>[1,2,3,4,5](interval[1,2,3,4,5])(>[6,7](in2[6,4,7])(>[8](limitSet[1,2,5,6,8])(>[](AnchorGauss[1,3,7,2,9,10,11,12])(interval[1,2,3,6,8])))))
(>[1,2,3,4,5](interval[1,2,3,4,5])(>[6,7](in2[6,4,7])(>[8](limitSet[1,2,8,3,5])(>[](AnchorGauss[1,3,7,2,9,10,11,12])(interval[1,2,3,6,8])))))
(>[1,2,3,4,5](interval[1,2,3,4,5])(>[6,7](in2[6,4,7])(>[8](limitSet[1,2,8,4,5])(>[](AnchorGauss[1,3,7,2,9,10,11,12])(interval[1,2,3,6,8])))))
(>[1,2,3,4,5](interval[1,2,3,4,5])(>[6,7](in2[6,4,7])(>[8](limitSet[1,2,8,6,5])(>[](AnchorGauss[1,3,7,2,9,10,11,12])(interval[1,2,3,6,8])))))
(>[1,2,3,4,5](interval[1,2,3,4,5])(>[6,7](in2[6,4,7])(>[](AnchorGauss[1,3,7,2,8,9,10,11])(interval[1,2,3,6,5]))))
(>[1,2,3,4,5](interval[1,2,3,4,5])(>[6](fXY[6,5,1])(>[](AnchorGauss[1,3,7,2,8,9,10,11])(sequence[1,2,3,4,6]))))
(>[1,2,3,4,5](interval[1,2,3,4,5])(>[6](sequence[1,2,3,4,6])(>[](AnchorGauss[1,3,7,2,8,9,10,11])(fXY[6,5,1]))))
(>[1,2,3,4,5](interval[1,2,3,4,5])(>[](AnchorGauss[1,3,6,2,7,8,9,10])(in[4,5])))
(>[1,2,3,4,5](limitSequence[1,2,3,4,5])(>[6,7,8](in2[6,7,8])(>[](AnchorGauss[1,3,8,2,9,10,11,12])(>[](sequence[1,2,3,6,4])(sequence[1,2,3,7,5])))))
(>[1,2,3,4,5](limitSequence[1,2,3,4,5])(>[6,7,8](in2[6,7,8])(>[](AnchorGauss[1,3,8,2,9,10,11,12])(>[](sequence[1,2,3,6,5])(sequence[1,2,3,7,4])))))
(>[1,2,3,4,5](limitSequence[1,2,3,4,5])(>[6,7,8](in2[6,7,8])(>[](AnchorGauss[1,3,8,2,9,10,11,12])(>[](sequence[1,2,3,7,4])(sequence[1,2,3,6,5])))))
(>[1,2,3,4,5](limitSequence[1,2,3,4,5])(>[6,7,8](in2[6,7,8])(>[](AnchorGauss[1,3,8,2,9,10,11,12])(>[](sequence[1,2,3,7,5])(sequence[1,2,3,6,4])))))
(>[1,2,3,4,5](limitSequence[1,2,3,4,5])(>[6,7](AnchorGauss[1,6,7,2,9,10,11,12])(>[8](in2[3,8,7])(>[](sequence[1,2,6,3,4])(sequence[1,2,6,8,5])))))
(>[1,2,3,4,5](limitSequence[1,2,3,4,5])(>[6,7](AnchorGauss[1,6,7,2,9,10,11,12])(>[8](in2[3,8,7])(>[](sequence[1,2,6,3,5])(sequence[1,2,6,8,4])))))
(>[1,2,3,4,5](limitSequence[1,2,3,4,5])(>[6,7](AnchorGauss[1,6,7,2,9,10,11,12])(>[8](in2[3,8,7])(>[](sequence[1,2,6,8,4])(sequence[1,2,6,3,5])))))
(>[1,2,3,4,5](limitSequence[1,2,3,4,5])(>[6,7](AnchorGauss[1,6,7,2,9,10,11,12])(>[8](in2[3,8,7])(>[](sequence[1,2,6,8,5])(sequence[1,2,6,3,4])))))
(>[1,2,3,4,5](limitSequence[1,2,3,4,5])(>[6,7](AnchorGauss[1,6,7,2,9,10,11,12])(>[8](in2[8,3,7])(>[](sequence[1,2,6,3,4])(sequence[1,2,6,8,5])))))
(>[1,2,3,4,5](limitSequence[1,2,3,4,5])(>[6,7](AnchorGauss[1,6,7,2,9,10,11,12])(>[8](in2[8,3,7])(>[](sequence[1,2,6,3,5])(sequence[1,2,6,8,4])))))
(>[1,2,3,4,5](limitSequence[1,2,3,4,5])(>[6,7](AnchorGauss[1,6,7,2,9,10,11,12])(>[8](in2[8,3,7])(>[](sequence[1,2,6,8,4])(sequence[1,2,6,3,5])))))
(>[1,2,3,4,5](limitSequence[1,2,3,4,5])(>[6,7](AnchorGauss[1,6,7,2,9,10,11,12])(>[8](in2[8,3,7])(>[](sequence[1,2,6,8,5])(sequence[1,2,6,3,4])))))
(>[1,2,3,4,5](sequence[1,2,3,4,5])(>[6,7](in2[4,6,7])(>[](AnchorGauss[1,3,7,2,8,9,10,11])(sequence[1,2,3,6,5]))))
(>[1,2,3,4,5](sequence[1,2,3,4,5])(>[6,7](in2[6,4,7])(>[](AnchorGauss[1,3,7,2,8,9,10,11])(sequence[1,2,3,6,5]))))
(>[1,2,3,4,5](sequence[1,2,3,4,5])(>[6](fXY[5,6,1])(>[](AnchorGauss[1,3,7,2,8,9,10,11])(interval[1,2,3,4,6]))))
(>[1,2,3,4](AnchorGauss[8,9,1,2,3,10,4,11])(>[5,6](in2[5,6,1])(>[7](in3[4,5,7,2])(in3[4,7,6,3]))))
(>[1,2,3,4](AnchorGauss[8,9,1,2,3,10,4,11])(>[5,6](in2[5,6,1])(>[7](in3[4,5,7,2])(in3[5,7,6,3]))))
(>[1,2,3,4](AnchorGauss[8,9,1,2,3,10,4,11])(>[5,6](in2[5,6,1])(>[7](in3[4,5,7,2])(in3[7,5,6,3]))))
(>[1,2,3,4](AnchorGauss[8,9,1,2,3,10,4,11])(>[5,6](in2[5,6,1])(>[7](in3[4,5,7,3])(in3[4,7,6,2]))))
(>[1,2,3,4](AnchorGauss[8,9,1,2,3,10,4,11])(>[5,6](in2[5,6,1])(>[7](in3[4,5,7,3])(in3[5,7,6,2]))))
(>[1,2,3,4](AnchorGauss[8,9,1,2,3,10,4,11])(>[5,6](in2[5,6,1])(>[7](in3[4,5,7,3])(in3[7,5,6,2]))))
(>[1,2,3,4](in3[1,2,3,4])(>[5,6](in2[1,5,6])(>[](AnchorGauss[7,8,6,4,9,10,11,12])(in3[2,5,3,4]))))
(>[1,2,3,4](in3[1,2,3,4])(>[5,6](in2[1,5,6])(>[](AnchorGauss[7,8,6,4,9,10,11,12])(in3[5,2,3,4]))))
(>[1,2,3,4](in3[1,2,3,4])(>[5,6](in2[1,5,6])(>[](AnchorGauss[7,8,6,9,4,10,11,12])(in3[2,5,3,4]))))
(>[1,2,3,4](in3[1,2,3,4])(>[5,6](in2[1,5,6])(>[](AnchorGauss[7,8,6,9,4,10,11,12])(in3[5,2,3,4]))))
(>[1,2,3,4](in3[1,2,3,4])(>[5,6](in2[2,5,6])(>[](AnchorGauss[7,8,6,4,9,10,1,11])(in3[1,3,5,4]))))
(>[1,2,3,4](in3[1,2,3,4])(>[5,6](in2[2,5,6])(>[](AnchorGauss[7,8,6,4,9,10,1,11])(in3[1,5,3,4]))))
(>[1,2,3,4](in3[1,2,3,4])(>[5,6](in2[2,5,6])(>[](AnchorGauss[7,8,6,4,9,10,1,11])(in3[2,5,3,4]))))
(>[1,2,3,4](in3[1,2,3,4])(>[5,6](in2[2,5,6])(>[](AnchorGauss[7,8,6,4,9,10,1,11])(in3[3,2,5,4]))))
(>[1,2,3,4](in3[1,2,3,4])(>[5,6](in2[2,5,6])(>[](AnchorGauss[7,8,6,4,9,10,1,11])(in3[5,2,3,4]))))
(>[1,2,3,4](in3[1,2,3,4])(>[5,6](in2[2,5,6])(>[](AnchorGauss[7,8,6,4,9,10,11,12])(in3[1,5,3,4]))))
(>[1,2,3,4](in3[1,2,3,4])(>[5,6](in2[2,5,6])(>[](AnchorGauss[7,8,6,4,9,10,11,12])(in3[5,1,3,4]))))
(>[1,2,3,4](in3[1,2,3,4])(>[5,6](in2[2,5,6])(>[](AnchorGauss[7,8,6,9,4,10,1,11])(in3[1,3,5,4]))))
(>[1,2,3,4](in3[1,2,3,4])(>[5,6](in2[2,5,6])(>[](AnchorGauss[7,8,6,9,4,10,1,11])(in3[1,5,3,4]))))
(>[1,2,3,4](in3[1,2,3,4])(>[5,6](in2[2,5,6])(>[](AnchorGauss[7,8,6,9,4,10,1,11])(in3[2,5,3,4]))))
(>[1,2,3,4](in3[1,2,3,4])(>[5,6](in2[2,5,6])(>[](AnchorGauss[7,8,6,9,4,10,1,11])(in3[3,2,5,4]))))
(>[1,2,3,4](in3[1,2,3,4])(>[5,6](in2[2,5,6])(>[](AnchorGauss[7,8,6,9,4,10,1,11])(in3[5,2,3,4]))))
(>[1,2,3,4](in3[1,2,3,4])(>[5,6](in2[2,5,6])(>[](AnchorGauss[7,8,6,9,4,10,11,12])(in3[1,5,3,4]))))
(>[1,2,3,4](in3[1,2,3,4])(>[5,6](in2[2,5,6])(>[](AnchorGauss[7,8,6,9,4,10,11,12])(in3[5,1,3,4]))))
(>[1,2,3,4](in3[1,2,3,4])(>[5,6](in2[3,5,6])(>[](AnchorGauss[7,8,6,4,9,10,1,11])(in3[1,2,5,4]))))
(>[1,2,3,4](in3[1,2,3,4])(>[5,6](in2[3,5,6])(>[](AnchorGauss[7,8,6,9,4,10,1,11])(in3[1,2,5,4]))))
(>[1,2,3,4](in3[1,2,3,4])(>[](AnchorGauss[5,6,7,4,8,9,10,11])(in3[2,1,3,4])))
(>[1,2,3,4](in3[1,2,3,4])(>[](AnchorGauss[5,6,7,8,4,9,10,11])(in3[2,1,3,4])))
(>[1,2,3,4](preorder[1,2,3,4])(>[5,6](in2[3,5,6])(>[](AnchorGauss[1,7,6,2,8,9,10,11])(preorder[1,2,4,5]))))
(>[1,2,3,4](preorder[1,2,3,4])(>[5,6](in2[3,5,6])(>[](AnchorGauss[1,7,6,2,8,9,10,11])(preorder[1,2,5,4]))))
(>[1,2,3,4](preorder[1,2,3,4])(>[5,6](in2[4,5,6])(>[](AnchorGauss[1,7,6,2,8,9,10,11])(preorder[1,2,3,5]))))
(>[1,2,3,4](preorder[1,2,3,4])(>[5,6](in2[4,5,6])(>[](AnchorGauss[1,7,6,2,8,9,10,11])(preorder[1,2,5,3]))))
(>[1,2,3,4](preorder[1,2,3,4])(>[5,6](in2[5,3,6])(>[](AnchorGauss[1,7,6,2,8,9,10,11])(preorder[1,2,4,5]))))
(>[1,2,3,4](preorder[1,2,3,4])(>[5,6](in2[5,3,6])(>[](AnchorGauss[1,7,6,2,8,9,10,11])(preorder[1,2,5,4]))))
(>[1,2,3,4](preorder[1,2,3,4])(>[5,6](in2[5,4,6])(>[](AnchorGauss[1,7,6,2,8,9,10,11])(preorder[1,2,3,5]))))
(>[1,2,3,4](preorder[1,2,3,4])(>[5,6](in2[5,4,6])(>[](AnchorGauss[1,7,6,2,8,9,10,11])(preorder[1,2,5,3]))))
(>[1,2,3,4](preorder[1,2,3,4])(>[5](AnchorGauss[1,6,5,2,7,8,9,10])(>[](in2[3,4,5])(preorder[1,2,4,3]))))
(>[1,2,3,4](preorder[1,2,3,4])(>[5](AnchorGauss[1,6,5,2,7,8,9,10])(>[](in2[4,3,5])(preorder[1,2,4,3]))))
(>[1,2,3,4](preorder[1,2,3,4])(>[5](preorder[1,2,3,5])(>[](AnchorGauss[1,6,7,2,8,9,10,11])(preorder[1,2,4,5]))))
(>[1,2,3,4](preorder[1,2,3,4])(>[5](preorder[1,2,4,5])(>[](AnchorGauss[1,6,7,2,8,9,10,11])(preorder[1,2,3,5]))))
(>[1,2,3,4](preorder[1,2,3,4])(>[5](preorder[1,2,4,5])(>[](AnchorGauss[1,6,7,2,8,9,10,11])(preorder[1,2,5,3]))))
(>[1,2,3,4](preorder[1,2,3,4])(>[5](preorder[1,2,5,4])(>[](AnchorGauss[1,6,7,2,8,9,10,11])(preorder[1,2,3,5]))))
(>[1,2,3,4](preorder[1,2,3,4])(>[](AnchorGauss[1,5,6,2,7,8,9,10])(preorder[1,2,4,3])))
(>[1,2,3](AnchorGauss[1,2,6,3,7,8,9,10])(>[4,5](in[4,5])(interval[1,3,2,4,5])))
(>[1,2,3](AnchorGauss[1,6,2,3,7,8,9,10])(>[4,5](in2[4,5,2])(preorder[1,3,4,5])))
(>[1,2,3](AnchorGauss[1,6,2,3,7,8,9,10])(>[4,5](in2[4,5,2])(preorder[1,3,5,4])))
(>[1,2,3](AnchorGauss[6,7,1,2,8,9,3,10])(>[4,5](in2[4,5,1])(in3[3,4,5,2])))
(>[1,2,3](AnchorGauss[6,7,1,8,2,9,3,10])(>[4,5](in2[4,5,1])(in3[3,4,5,2])))
