(>[1,2,3,4,5,6,7](AnchorIncubator[1,2,3,4,8,5,6,7,9,10,11,12,13,14])(fold[1,3,4,7,2,5,6]))
(>[1,2,3,4,5,6,7](AnchorIncubator[1,2,3,4,8,5,6,7,9,10,11,12,13,14])(fold[1,3,4,7,2,6,5]))
(>[1,2,3,4,5,6,7](AnchorIncubator[1,2,3,4,8,5,9,6,10,11,12,13,14,7])(fold[1,3,4,6,2,5,7]))
(>[1,2,3,4,5,6,7](AnchorIncubator[1,2,3,4,8,5,9,6,10,11,12,13,14,7])(fold[1,3,4,6,2,7,5]))
(>[1,2,3,4,5,6,7](AnchorIncubator[1,2,3,4,8,5,9,6,10,11,12,13,7,14])(fold[1,3,4,6,2,5,7]))
(>[1,2,3,4,5,6,7](AnchorIncubator[1,2,3,4,8,5,9,6,10,11,12,13,7,14])(fold[1,3,4,6,2,7,5]))
(>[1,2,3,4,5,6,7](AnchorIncubator[1,2,3,4,8,5,9,6,10,11,12,7,13,14])(fold[1,3,4,6,2,5,7]))
(>[1,2,3,4,5,6,7](AnchorIncubator[1,2,3,4,8,5,9,6,10,11,12,7,13,14])(fold[1,3,4,6,2,7,5]))
(>[1,2,3,4,5,6,7](AnchorIncubator[1,2,3,4,8,5,9,6,10,11,7,12,13,14])(fold[1,3,4,6,2,5,7]))
(>[1,2,3,4,5,6,7](AnchorIncubator[1,2,3,4,8,5,9,6,10,11,7,12,13,14])(fold[1,3,4,6,2,7,5]))
(>[1,2,3,4,5,6,7](AnchorIncubator[1,2,3,4,8,5,9,6,10,7,11,12,13,14])(fold[1,3,4,6,2,5,7]))
(>[1,2,3,4,5,6,7](AnchorIncubator[1,2,3,4,8,5,9,6,10,7,11,12,13,14])(fold[1,3,4,6,2,7,5]))
(>[1,2,3,4,5,6,7](AnchorIncubator[1,2,3,4,8,5,9,6,7,10,11,12,13,14])(fold[1,3,4,6,2,5,7]))
(>[1,2,3,4,5,6,7](AnchorIncubator[1,2,3,4,8,5,9,6,7,10,11,12,13,14])(fold[1,3,4,6,2,7,5]))
(>[1,2,3,4,5,6,7](AnchorIncubator[1,2,3,4,8,9,10,5,11,12,13,14,6,7])(fold[1,3,4,5,2,6,7]))
(>[1,2,3,4,5,6,7](AnchorIncubator[1,2,3,4,8,9,10,5,11,12,13,14,6,7])(fold[1,3,4,5,2,7,6]))
(>[1,2,3,4,5,6,7](AnchorIncubator[1,2,3,4,8,9,10,5,11,12,13,6,14,7])(fold[1,3,4,5,2,6,7]))
(>[1,2,3,4,5,6,7](AnchorIncubator[1,2,3,4,8,9,10,5,11,12,13,6,14,7])(fold[1,3,4,5,2,7,6]))
(>[1,2,3,4,5,6,7](AnchorIncubator[1,2,3,4,8,9,10,5,11,12,13,6,7,14])(fold[1,3,4,5,2,6,7]))
(>[1,2,3,4,5,6,7](AnchorIncubator[1,2,3,4,8,9,10,5,11,12,13,6,7,14])(fold[1,3,4,5,2,7,6]))
(>[1,2,3,4,5,6,7](AnchorIncubator[1,2,3,4,8,9,10,5,11,12,6,13,14,7])(fold[1,3,4,5,2,6,7]))
(>[1,2,3,4,5,6,7](AnchorIncubator[1,2,3,4,8,9,10,5,11,12,6,13,14,7])(fold[1,3,4,5,2,7,6]))
(>[1,2,3,4,5,6,7](AnchorIncubator[1,2,3,4,8,9,10,5,11,12,6,13,7,14])(fold[1,3,4,5,2,6,7]))
(>[1,2,3,4,5,6,7](AnchorIncubator[1,2,3,4,8,9,10,5,11,12,6,13,7,14])(fold[1,3,4,5,2,7,6]))
(>[1,2,3,4,5,6,7](AnchorIncubator[1,2,3,4,8,9,10,5,11,12,6,7,13,14])(fold[1,3,4,5,2,6,7]))
(>[1,2,3,4,5,6,7](AnchorIncubator[1,2,3,4,8,9,10,5,11,12,6,7,13,14])(fold[1,3,4,5,2,7,6]))
(>[1,2,3,4,5,6,7](AnchorIncubator[1,2,3,4,8,9,10,5,11,6,12,13,14,7])(fold[1,3,4,5,2,6,7]))
(>[1,2,3,4,5,6,7](AnchorIncubator[1,2,3,4,8,9,10,5,11,6,12,13,14,7])(fold[1,3,4,5,2,7,6]))
(>[1,2,3,4,5,6,7](AnchorIncubator[1,2,3,4,8,9,10,5,11,6,12,13,7,14])(fold[1,3,4,5,2,6,7]))
(>[1,2,3,4,5,6,7](AnchorIncubator[1,2,3,4,8,9,10,5,11,6,12,13,7,14])(fold[1,3,4,5,2,7,6]))
(>[1,2,3,4,5,6,7](AnchorIncubator[1,2,3,4,8,9,10,5,11,6,12,7,13,14])(fold[1,3,4,5,2,6,7]))
(>[1,2,3,4,5,6,7](AnchorIncubator[1,2,3,4,8,9,10,5,11,6,12,7,13,14])(fold[1,3,4,5,2,7,6]))
(>[1,2,3,4,5,6,7](AnchorIncubator[1,2,3,4,8,9,10,5,11,6,7,12,13,14])(fold[1,3,4,5,2,6,7]))
(>[1,2,3,4,5,6,7](AnchorIncubator[1,2,3,4,8,9,10,5,11,6,7,12,13,14])(fold[1,3,4,5,2,7,6]))
(>[1,2,3,4,5,6,7](AnchorIncubator[1,2,3,4,8,9,10,5,6,11,12,13,14,7])(fold[1,3,4,5,2,6,7]))
(>[1,2,3,4,5,6,7](AnchorIncubator[1,2,3,4,8,9,10,5,6,11,12,13,14,7])(fold[1,3,4,5,2,7,6]))
(>[1,2,3,4,5,6,7](AnchorIncubator[1,2,3,4,8,9,10,5,6,11,12,13,7,14])(fold[1,3,4,5,2,6,7]))
(>[1,2,3,4,5,6,7](AnchorIncubator[1,2,3,4,8,9,10,5,6,11,12,13,7,14])(fold[1,3,4,5,2,7,6]))
(>[1,2,3,4,5,6,7](AnchorIncubator[1,2,3,4,8,9,10,5,6,11,12,7,13,14])(fold[1,3,4,5,2,6,7]))
(>[1,2,3,4,5,6,7](AnchorIncubator[1,2,3,4,8,9,10,5,6,11,12,7,13,14])(fold[1,3,4,5,2,7,6]))
(>[1,2,3,4,5,6,7](AnchorIncubator[1,2,3,4,8,9,10,5,6,11,7,12,13,14])(fold[1,3,4,5,2,6,7]))
(>[1,2,3,4,5,6,7](AnchorIncubator[1,2,3,4,8,9,10,5,6,11,7,12,13,14])(fold[1,3,4,5,2,7,6]))
(>[1,2,3,4,5,6,7](AnchorIncubator[1,2,3,4,8,9,10,5,6,7,11,12,13,14])(fold[1,3,4,5,2,6,7]))
(>[1,2,3,4,5,6,7](AnchorIncubator[1,2,3,4,8,9,10,5,6,7,11,12,13,14])(fold[1,3,4,5,2,7,6]))
(>[1,2,3,4,5,6,7](AnchorIncubator[1,2,3,4,8,9,5,6,10,11,12,13,14,7])(fold[1,3,4,6,2,5,7]))
(>[1,2,3,4,5,6,7](AnchorIncubator[1,2,3,4,8,9,5,6,10,11,12,13,14,7])(fold[1,3,4,6,2,7,5]))
(>[1,2,3,4,5,6,7](AnchorIncubator[1,2,3,4,8,9,5,6,10,11,12,13,7,14])(fold[1,3,4,6,2,5,7]))
(>[1,2,3,4,5,6,7](AnchorIncubator[1,2,3,4,8,9,5,6,10,11,12,13,7,14])(fold[1,3,4,6,2,7,5]))
(>[1,2,3,4,5,6,7](AnchorIncubator[1,2,3,4,8,9,5,6,10,11,12,7,13,14])(fold[1,3,4,6,2,5,7]))
(>[1,2,3,4,5,6,7](AnchorIncubator[1,2,3,4,8,9,5,6,10,11,12,7,13,14])(fold[1,3,4,6,2,7,5]))
(>[1,2,3,4,5,6,7](AnchorIncubator[1,2,3,4,8,9,5,6,10,11,7,12,13,14])(fold[1,3,4,6,2,5,7]))
(>[1,2,3,4,5,6,7](AnchorIncubator[1,2,3,4,8,9,5,6,10,11,7,12,13,14])(fold[1,3,4,6,2,7,5]))
(>[1,2,3,4,5,6,7](AnchorIncubator[1,2,3,4,8,9,5,6,10,7,11,12,13,14])(fold[1,3,4,6,2,5,7]))
(>[1,2,3,4,5,6,7](AnchorIncubator[1,2,3,4,8,9,5,6,10,7,11,12,13,14])(fold[1,3,4,6,2,7,5]))
(>[1,2,3,4,5,6,7](AnchorIncubator[1,2,3,4,8,9,5,6,7,10,11,12,13,14])(fold[1,3,4,6,2,5,7]))
(>[1,2,3,4,5,6,7](AnchorIncubator[1,2,3,4,8,9,5,6,7,10,11,12,13,14])(fold[1,3,4,6,2,7,5]))
(>[1,2,3,4,5,6](AnchorIncubator[1,2,3,4,7,5,8,6,9,10,11,12,13,14])(fold[1,3,4,6,2,2,5]))
(>[1,2,3,4,5,6](AnchorIncubator[1,2,3,4,7,5,8,6,9,10,11,12,13,14])(fold[1,3,4,6,2,5,2]))
(>[1,2,3,4,5,6](AnchorIncubator[1,2,3,4,7,5,8,6,9,10,11,12,13,14])(fold[1,3,4,6,2,5,5]))
(>[1,2,3,4,5,6](AnchorIncubator[1,2,3,4,7,8,5,6,9,10,11,12,13,14])(fold[1,3,4,6,2,2,5]))
(>[1,2,3,4,5,6](AnchorIncubator[1,2,3,4,7,8,5,6,9,10,11,12,13,14])(fold[1,3,4,6,2,5,2]))
(>[1,2,3,4,5,6](AnchorIncubator[1,2,3,4,7,8,5,6,9,10,11,12,13,14])(fold[1,3,4,6,2,5,5]))
(>[1,2,3,4,5,6](AnchorIncubator[1,2,3,4,7,8,9,5,10,11,12,13,14,6])(fold[1,3,4,5,2,2,6]))
(>[1,2,3,4,5,6](AnchorIncubator[1,2,3,4,7,8,9,5,10,11,12,13,14,6])(fold[1,3,4,5,2,6,2]))
(>[1,2,3,4,5,6](AnchorIncubator[1,2,3,4,7,8,9,5,10,11,12,13,14,6])(fold[1,3,4,5,2,6,6]))
(>[1,2,3,4,5,6](AnchorIncubator[1,2,3,4,7,8,9,5,10,11,12,13,6,14])(fold[1,3,4,5,2,2,6]))
(>[1,2,3,4,5,6](AnchorIncubator[1,2,3,4,7,8,9,5,10,11,12,13,6,14])(fold[1,3,4,5,2,6,2]))
(>[1,2,3,4,5,6](AnchorIncubator[1,2,3,4,7,8,9,5,10,11,12,13,6,14])(fold[1,3,4,5,2,6,6]))
(>[1,2,3,4,5,6](AnchorIncubator[1,2,3,4,7,8,9,5,10,11,12,6,13,14])(fold[1,3,4,5,2,2,6]))
(>[1,2,3,4,5,6](AnchorIncubator[1,2,3,4,7,8,9,5,10,11,12,6,13,14])(fold[1,3,4,5,2,6,2]))
(>[1,2,3,4,5,6](AnchorIncubator[1,2,3,4,7,8,9,5,10,11,12,6,13,14])(fold[1,3,4,5,2,6,6]))
(>[1,2,3,4,5,6](AnchorIncubator[1,2,3,4,7,8,9,5,10,11,6,12,13,14])(fold[1,3,4,5,2,2,6]))
(>[1,2,3,4,5,6](AnchorIncubator[1,2,3,4,7,8,9,5,10,11,6,12,13,14])(fold[1,3,4,5,2,6,2]))
(>[1,2,3,4,5,6](AnchorIncubator[1,2,3,4,7,8,9,5,10,11,6,12,13,14])(fold[1,3,4,5,2,6,6]))
(>[1,2,3,4,5,6](AnchorIncubator[1,2,3,4,7,8,9,5,10,6,11,12,13,14])(fold[1,3,4,5,2,2,6]))
(>[1,2,3,4,5,6](AnchorIncubator[1,2,3,4,7,8,9,5,10,6,11,12,13,14])(fold[1,3,4,5,2,6,2]))
(>[1,2,3,4,5,6](AnchorIncubator[1,2,3,4,7,8,9,5,10,6,11,12,13,14])(fold[1,3,4,5,2,6,6]))
(>[1,2,3,4,5,6](AnchorIncubator[1,2,3,4,7,8,9,5,6,10,11,12,13,14])(fold[1,3,4,5,2,2,6]))
(>[1,2,3,4,5,6](AnchorIncubator[1,2,3,4,7,8,9,5,6,10,11,12,13,14])(fold[1,3,4,5,2,6,2]))
(>[1,2,3,4,5,6](AnchorIncubator[1,2,3,4,7,8,9,5,6,10,11,12,13,14])(fold[1,3,4,5,2,6,6]))
(>[1,2,3,4,5](AnchorIncubator[1,2,3,4,6,7,8,5,9,10,11,12,13,14])(fold[1,3,4,5,2,2,2]))
(>[1,2,3,4](AnchorIncubator[1,2,5,3,6,4,7,8,9,10,11,12,13,14])(preorder[1,3,2,4]))
(>[1,2,3,4](AnchorIncubator[1,2,5,3,6,4,7,8,9,10,11,12,13,14])(preorder[1,3,4,2]))
(>[1,2,3,4](AnchorIncubator[1,2,5,3,6,7,4,8,9,10,11,12,13,14])(preorder[1,3,2,4]))
(>[1,2,3,4](AnchorIncubator[1,2,5,3,6,7,4,8,9,10,11,12,13,14])(preorder[1,3,4,2]))
(>[1,2,3,4](AnchorIncubator[1,2,5,3,6,7,8,9,10,11,12,13,14,4])(preorder[1,3,2,4]))
(>[1,2,3,4](AnchorIncubator[1,2,5,3,6,7,8,9,10,11,12,13,14,4])(preorder[1,3,4,2]))
(>[1,2,3,4](AnchorIncubator[1,2,5,3,6,7,8,9,10,11,12,13,4,14])(preorder[1,3,2,4]))
(>[1,2,3,4](AnchorIncubator[1,2,5,3,6,7,8,9,10,11,12,13,4,14])(preorder[1,3,4,2]))
(>[1,2,3,4](AnchorIncubator[1,2,5,3,6,7,8,9,10,11,12,4,13,14])(preorder[1,3,2,4]))
(>[1,2,3,4](AnchorIncubator[1,2,5,3,6,7,8,9,10,11,12,4,13,14])(preorder[1,3,4,2]))
(>[1,2,3,4](AnchorIncubator[1,2,5,3,6,7,8,9,10,11,4,12,13,14])(preorder[1,3,2,4]))
(>[1,2,3,4](AnchorIncubator[1,2,5,3,6,7,8,9,10,11,4,12,13,14])(preorder[1,3,4,2]))
(>[1,2,3,4](AnchorIncubator[1,2,5,3,6,7,8,9,10,4,11,12,13,14])(preorder[1,3,2,4]))
(>[1,2,3,4](AnchorIncubator[1,2,5,3,6,7,8,9,10,4,11,12,13,14])(preorder[1,3,4,2]))
(>[1,2,3,4](AnchorIncubator[1,2,5,3,6,7,8,9,4,10,11,12,13,14])(preorder[1,3,2,4]))
(>[1,2,3,4](AnchorIncubator[1,2,5,3,6,7,8,9,4,10,11,12,13,14])(preorder[1,3,4,2]))
(>[1,2,3,4](AnchorIncubator[1,5,6,2,7,3,4,8,9,10,11,12,13,14])(preorder[1,2,3,4]))
(>[1,2,3,4](AnchorIncubator[1,5,6,2,7,3,4,8,9,10,11,12,13,14])(preorder[1,2,4,3]))
(>[1,2,3,4](AnchorIncubator[1,5,6,2,7,3,8,9,10,11,12,13,14,4])(preorder[1,2,3,4]))
(>[1,2,3,4](AnchorIncubator[1,5,6,2,7,3,8,9,10,11,12,13,14,4])(preorder[1,2,4,3]))
(>[1,2,3,4](AnchorIncubator[1,5,6,2,7,3,8,9,10,11,12,13,4,14])(preorder[1,2,3,4]))
(>[1,2,3,4](AnchorIncubator[1,5,6,2,7,3,8,9,10,11,12,13,4,14])(preorder[1,2,4,3]))
(>[1,2,3,4](AnchorIncubator[1,5,6,2,7,3,8,9,10,11,12,4,13,14])(preorder[1,2,3,4]))
(>[1,2,3,4](AnchorIncubator[1,5,6,2,7,3,8,9,10,11,12,4,13,14])(preorder[1,2,4,3]))
(>[1,2,3,4](AnchorIncubator[1,5,6,2,7,3,8,9,10,11,4,12,13,14])(preorder[1,2,3,4]))
(>[1,2,3,4](AnchorIncubator[1,5,6,2,7,3,8,9,10,11,4,12,13,14])(preorder[1,2,4,3]))
(>[1,2,3,4](AnchorIncubator[1,5,6,2,7,3,8,9,10,4,11,12,13,14])(preorder[1,2,3,4]))
(>[1,2,3,4](AnchorIncubator[1,5,6,2,7,3,8,9,10,4,11,12,13,14])(preorder[1,2,4,3]))
(>[1,2,3,4](AnchorIncubator[1,5,6,2,7,3,8,9,4,10,11,12,13,14])(preorder[1,2,3,4]))
(>[1,2,3,4](AnchorIncubator[1,5,6,2,7,3,8,9,4,10,11,12,13,14])(preorder[1,2,4,3]))
(>[1,2,3,4](AnchorIncubator[1,5,6,2,7,8,3,9,10,11,12,13,14,4])(preorder[1,2,3,4]))
(>[1,2,3,4](AnchorIncubator[1,5,6,2,7,8,3,9,10,11,12,13,14,4])(preorder[1,2,4,3]))
(>[1,2,3,4](AnchorIncubator[1,5,6,2,7,8,3,9,10,11,12,13,4,14])(preorder[1,2,3,4]))
(>[1,2,3,4](AnchorIncubator[1,5,6,2,7,8,3,9,10,11,12,13,4,14])(preorder[1,2,4,3]))
(>[1,2,3,4](AnchorIncubator[1,5,6,2,7,8,3,9,10,11,12,4,13,14])(preorder[1,2,3,4]))
(>[1,2,3,4](AnchorIncubator[1,5,6,2,7,8,3,9,10,11,12,4,13,14])(preorder[1,2,4,3]))
(>[1,2,3,4](AnchorIncubator[1,5,6,2,7,8,3,9,10,11,4,12,13,14])(preorder[1,2,3,4]))
(>[1,2,3,4](AnchorIncubator[1,5,6,2,7,8,3,9,10,11,4,12,13,14])(preorder[1,2,4,3]))
(>[1,2,3,4](AnchorIncubator[1,5,6,2,7,8,3,9,10,4,11,12,13,14])(preorder[1,2,3,4]))
(>[1,2,3,4](AnchorIncubator[1,5,6,2,7,8,3,9,10,4,11,12,13,14])(preorder[1,2,4,3]))
(>[1,2,3,4](AnchorIncubator[1,5,6,2,7,8,3,9,4,10,11,12,13,14])(preorder[1,2,3,4]))
(>[1,2,3,4](AnchorIncubator[1,5,6,2,7,8,3,9,4,10,11,12,13,14])(preorder[1,2,4,3]))
(>[1,2,3,4](AnchorIncubator[1,5,6,2,7,8,9,10,11,12,13,14,3,4])(preorder[1,2,3,4]))
(>[1,2,3,4](AnchorIncubator[1,5,6,2,7,8,9,10,11,12,13,14,3,4])(preorder[1,2,4,3]))
(>[1,2,3,4](AnchorIncubator[1,5,6,2,7,8,9,10,11,12,13,3,14,4])(preorder[1,2,3,4]))
(>[1,2,3,4](AnchorIncubator[1,5,6,2,7,8,9,10,11,12,13,3,14,4])(preorder[1,2,4,3]))
(>[1,2,3,4](AnchorIncubator[1,5,6,2,7,8,9,10,11,12,13,3,4,14])(preorder[1,2,3,4]))
(>[1,2,3,4](AnchorIncubator[1,5,6,2,7,8,9,10,11,12,13,3,4,14])(preorder[1,2,4,3]))
(>[1,2,3,4](AnchorIncubator[1,5,6,2,7,8,9,10,11,12,3,13,14,4])(preorder[1,2,3,4]))
(>[1,2,3,4](AnchorIncubator[1,5,6,2,7,8,9,10,11,12,3,13,14,4])(preorder[1,2,4,3]))
(>[1,2,3,4](AnchorIncubator[1,5,6,2,7,8,9,10,11,12,3,13,4,14])(preorder[1,2,3,4]))
(>[1,2,3,4](AnchorIncubator[1,5,6,2,7,8,9,10,11,12,3,13,4,14])(preorder[1,2,4,3]))
(>[1,2,3,4](AnchorIncubator[1,5,6,2,7,8,9,10,11,12,3,4,13,14])(preorder[1,2,3,4]))
(>[1,2,3,4](AnchorIncubator[1,5,6,2,7,8,9,10,11,12,3,4,13,14])(preorder[1,2,4,3]))
(>[1,2,3,4](AnchorIncubator[1,5,6,2,7,8,9,10,11,3,12,13,14,4])(preorder[1,2,3,4]))
(>[1,2,3,4](AnchorIncubator[1,5,6,2,7,8,9,10,11,3,12,13,14,4])(preorder[1,2,4,3]))
(>[1,2,3,4](AnchorIncubator[1,5,6,2,7,8,9,10,11,3,12,13,4,14])(preorder[1,2,3,4]))
(>[1,2,3,4](AnchorIncubator[1,5,6,2,7,8,9,10,11,3,12,13,4,14])(preorder[1,2,4,3]))
(>[1,2,3,4](AnchorIncubator[1,5,6,2,7,8,9,10,11,3,12,4,13,14])(preorder[1,2,3,4]))
(>[1,2,3,4](AnchorIncubator[1,5,6,2,7,8,9,10,11,3,12,4,13,14])(preorder[1,2,4,3]))
(>[1,2,3,4](AnchorIncubator[1,5,6,2,7,8,9,10,11,3,4,12,13,14])(preorder[1,2,3,4]))
(>[1,2,3,4](AnchorIncubator[1,5,6,2,7,8,9,10,11,3,4,12,13,14])(preorder[1,2,4,3]))
(>[1,2,3,4](AnchorIncubator[1,5,6,2,7,8,9,10,3,11,12,13,14,4])(preorder[1,2,3,4]))
(>[1,2,3,4](AnchorIncubator[1,5,6,2,7,8,9,10,3,11,12,13,14,4])(preorder[1,2,4,3]))
(>[1,2,3,4](AnchorIncubator[1,5,6,2,7,8,9,10,3,11,12,13,4,14])(preorder[1,2,3,4]))
(>[1,2,3,4](AnchorIncubator[1,5,6,2,7,8,9,10,3,11,12,13,4,14])(preorder[1,2,4,3]))
(>[1,2,3,4](AnchorIncubator[1,5,6,2,7,8,9,10,3,11,12,4,13,14])(preorder[1,2,3,4]))
(>[1,2,3,4](AnchorIncubator[1,5,6,2,7,8,9,10,3,11,12,4,13,14])(preorder[1,2,4,3]))
(>[1,2,3,4](AnchorIncubator[1,5,6,2,7,8,9,10,3,11,4,12,13,14])(preorder[1,2,3,4]))
(>[1,2,3,4](AnchorIncubator[1,5,6,2,7,8,9,10,3,11,4,12,13,14])(preorder[1,2,4,3]))
(>[1,2,3,4](AnchorIncubator[1,5,6,2,7,8,9,10,3,4,11,12,13,14])(preorder[1,2,3,4]))
(>[1,2,3,4](AnchorIncubator[1,5,6,2,7,8,9,10,3,4,11,12,13,14])(preorder[1,2,4,3]))
(>[1,2,3](AnchorIncubator[1,2,4,3,5,6,7,8,9,10,11,12,13,14])(preorder[1,3,2,2]))
(>[1,2,3](AnchorIncubator[1,4,5,2,6,3,7,8,9,10,11,12,13,14])(preorder[1,2,3,3]))
(>[1,2,3](AnchorIncubator[1,4,5,2,6,7,3,8,9,10,11,12,13,14])(preorder[1,2,3,3]))
(>[1,2,3](AnchorIncubator[1,4,5,2,6,7,8,9,10,11,12,13,14,3])(preorder[1,2,3,3]))
(>[1,2,3](AnchorIncubator[1,4,5,2,6,7,8,9,10,11,12,13,3,14])(preorder[1,2,3,3]))
(>[1,2,3](AnchorIncubator[1,4,5,2,6,7,8,9,10,11,12,3,13,14])(preorder[1,2,3,3]))
(>[1,2,3](AnchorIncubator[1,4,5,2,6,7,8,9,10,11,3,12,13,14])(preorder[1,2,3,3]))
(>[1,2,3](AnchorIncubator[1,4,5,2,6,7,8,9,10,3,11,12,13,14])(preorder[1,2,3,3]))
(>[1,2,3](AnchorIncubator[1,4,5,2,6,7,8,9,3,10,11,12,13,14])(preorder[1,2,3,3]))
(>[1,2,3](AnchorIncubator[4,1,5,6,7,2,8,3,9,10,11,12,13,14])(in2[1,2,3]))
(>[1,2,3](AnchorIncubator[4,1,5,6,7,2,8,3,9,10,11,12,13,14])(in2[2,1,3]))
(>[1,2,3](AnchorIncubator[4,1,5,6,7,8,2,3,9,10,11,12,13,14])(in2[1,2,3]))
(>[1,2,3](AnchorIncubator[4,1,5,6,7,8,2,3,9,10,11,12,13,14])(in2[2,1,3]))
(>[1,2,3](AnchorIncubator[4,1,5,6,7,8,9,2,10,11,12,13,14,3])(in2[1,3,2]))
(>[1,2,3](AnchorIncubator[4,1,5,6,7,8,9,2,10,11,12,13,14,3])(in2[3,1,2]))
(>[1,2,3](AnchorIncubator[4,1,5,6,7,8,9,2,10,11,12,13,3,14])(in2[1,3,2]))
(>[1,2,3](AnchorIncubator[4,1,5,6,7,8,9,2,10,11,12,13,3,14])(in2[3,1,2]))
(>[1,2,3](AnchorIncubator[4,1,5,6,7,8,9,2,10,11,12,3,13,14])(in2[1,3,2]))
(>[1,2,3](AnchorIncubator[4,1,5,6,7,8,9,2,10,11,12,3,13,14])(in2[3,1,2]))
(>[1,2,3](AnchorIncubator[4,1,5,6,7,8,9,2,10,11,3,12,13,14])(in2[1,3,2]))
(>[1,2,3](AnchorIncubator[4,1,5,6,7,8,9,2,10,11,3,12,13,14])(in2[3,1,2]))
(>[1,2,3](AnchorIncubator[4,1,5,6,7,8,9,2,10,3,11,12,13,14])(in2[1,3,2]))
(>[1,2,3](AnchorIncubator[4,1,5,6,7,8,9,2,10,3,11,12,13,14])(in2[3,1,2]))
(>[1,2,3](AnchorIncubator[4,1,5,6,7,8,9,2,3,10,11,12,13,14])(in2[1,3,2]))
(>[1,2,3](AnchorIncubator[4,1,5,6,7,8,9,2,3,10,11,12,13,14])(in2[3,1,2]))
(>[1,2,3](AnchorIncubator[4,5,6,7,8,1,2,3,9,10,11,12,13,14])(in2[1,2,3]))
(>[1,2,3](AnchorIncubator[4,5,6,7,8,1,2,3,9,10,11,12,13,14])(in2[2,1,3]))
(>[1,2,3](AnchorIncubator[4,5,6,7,8,1,9,2,10,11,12,13,14,3])(in2[1,3,2]))
(>[1,2,3](AnchorIncubator[4,5,6,7,8,1,9,2,10,11,12,13,14,3])(in2[3,1,2]))
(>[1,2,3](AnchorIncubator[4,5,6,7,8,1,9,2,10,11,12,13,3,14])(in2[1,3,2]))
(>[1,2,3](AnchorIncubator[4,5,6,7,8,1,9,2,10,11,12,13,3,14])(in2[3,1,2]))
(>[1,2,3](AnchorIncubator[4,5,6,7,8,1,9,2,10,11,12,3,13,14])(in2[1,3,2]))
(>[1,2,3](AnchorIncubator[4,5,6,7,8,1,9,2,10,11,12,3,13,14])(in2[3,1,2]))
(>[1,2,3](AnchorIncubator[4,5,6,7,8,1,9,2,10,11,3,12,13,14])(in2[1,3,2]))
(>[1,2,3](AnchorIncubator[4,5,6,7,8,1,9,2,10,11,3,12,13,14])(in2[3,1,2]))
(>[1,2,3](AnchorIncubator[4,5,6,7,8,1,9,2,10,3,11,12,13,14])(in2[1,3,2]))
(>[1,2,3](AnchorIncubator[4,5,6,7,8,1,9,2,10,3,11,12,13,14])(in2[3,1,2]))
(>[1,2,3](AnchorIncubator[4,5,6,7,8,1,9,2,3,10,11,12,13,14])(in2[1,3,2]))
(>[1,2,3](AnchorIncubator[4,5,6,7,8,1,9,2,3,10,11,12,13,14])(in2[3,1,2]))
(>[1,2,3](AnchorIncubator[4,5,6,7,8,9,1,2,10,11,12,13,14,3])(in2[1,3,2]))
(>[1,2,3](AnchorIncubator[4,5,6,7,8,9,1,2,10,11,12,13,14,3])(in2[3,1,2]))
(>[1,2,3](AnchorIncubator[4,5,6,7,8,9,1,2,10,11,12,13,3,14])(in2[1,3,2]))
(>[1,2,3](AnchorIncubator[4,5,6,7,8,9,1,2,10,11,12,13,3,14])(in2[3,1,2]))
(>[1,2,3](AnchorIncubator[4,5,6,7,8,9,1,2,10,11,12,3,13,14])(in2[1,3,2]))
(>[1,2,3](AnchorIncubator[4,5,6,7,8,9,1,2,10,11,12,3,13,14])(in2[3,1,2]))
(>[1,2,3](AnchorIncubator[4,5,6,7,8,9,1,2,10,11,3,12,13,14])(in2[1,3,2]))
(>[1,2,3](AnchorIncubator[4,5,6,7,8,9,1,2,10,11,3,12,13,14])(in2[3,1,2]))
(>[1,2,3](AnchorIncubator[4,5,6,7,8,9,1,2,10,3,11,12,13,14])(in2[1,3,2]))
(>[1,2,3](AnchorIncubator[4,5,6,7,8,9,1,2,10,3,11,12,13,14])(in2[3,1,2]))
(>[1,2,3](AnchorIncubator[4,5,6,7,8,9,1,2,3,10,11,12,13,14])(in2[1,3,2]))
(>[1,2,3](AnchorIncubator[4,5,6,7,8,9,1,2,3,10,11,12,13,14])(in2[3,1,2]))
(>[1,2,3](AnchorIncubator[4,5,6,7,8,9,10,1,11,12,13,14,2,3])(in2[2,3,1]))
(>[1,2,3](AnchorIncubator[4,5,6,7,8,9,10,1,11,12,13,14,2,3])(in2[3,2,1]))
(>[1,2,3](AnchorIncubator[4,5,6,7,8,9,10,1,11,12,13,2,14,3])(in2[2,3,1]))
(>[1,2,3](AnchorIncubator[4,5,6,7,8,9,10,1,11,12,13,2,14,3])(in2[3,2,1]))
(>[1,2,3](AnchorIncubator[4,5,6,7,8,9,10,1,11,12,13,2,3,14])(in2[2,3,1]))
(>[1,2,3](AnchorIncubator[4,5,6,7,8,9,10,1,11,12,13,2,3,14])(in2[3,2,1]))
(>[1,2,3](AnchorIncubator[4,5,6,7,8,9,10,1,11,12,2,13,14,3])(in2[2,3,1]))
(>[1,2,3](AnchorIncubator[4,5,6,7,8,9,10,1,11,12,2,13,14,3])(in2[3,2,1]))
(>[1,2,3](AnchorIncubator[4,5,6,7,8,9,10,1,11,12,2,13,3,14])(in2[2,3,1]))
(>[1,2,3](AnchorIncubator[4,5,6,7,8,9,10,1,11,12,2,13,3,14])(in2[3,2,1]))
(>[1,2,3](AnchorIncubator[4,5,6,7,8,9,10,1,11,12,2,3,13,14])(in2[2,3,1]))
(>[1,2,3](AnchorIncubator[4,5,6,7,8,9,10,1,11,12,2,3,13,14])(in2[3,2,1]))
(>[1,2,3](AnchorIncubator[4,5,6,7,8,9,10,1,11,2,12,13,14,3])(in2[2,3,1]))
(>[1,2,3](AnchorIncubator[4,5,6,7,8,9,10,1,11,2,12,13,14,3])(in2[3,2,1]))
(>[1,2,3](AnchorIncubator[4,5,6,7,8,9,10,1,11,2,12,13,3,14])(in2[2,3,1]))
(>[1,2,3](AnchorIncubator[4,5,6,7,8,9,10,1,11,2,12,13,3,14])(in2[3,2,1]))
(>[1,2,3](AnchorIncubator[4,5,6,7,8,9,10,1,11,2,12,3,13,14])(in2[2,3,1]))
(>[1,2,3](AnchorIncubator[4,5,6,7,8,9,10,1,11,2,12,3,13,14])(in2[3,2,1]))
(>[1,2,3](AnchorIncubator[4,5,6,7,8,9,10,1,11,2,3,12,13,14])(in2[2,3,1]))
(>[1,2,3](AnchorIncubator[4,5,6,7,8,9,10,1,11,2,3,12,13,14])(in2[3,2,1]))
(>[1,2,3](AnchorIncubator[4,5,6,7,8,9,10,1,2,11,12,13,14,3])(in2[2,3,1]))
(>[1,2,3](AnchorIncubator[4,5,6,7,8,9,10,1,2,11,12,13,14,3])(in2[3,2,1]))
(>[1,2,3](AnchorIncubator[4,5,6,7,8,9,10,1,2,11,12,13,3,14])(in2[2,3,1]))
(>[1,2,3](AnchorIncubator[4,5,6,7,8,9,10,1,2,11,12,13,3,14])(in2[3,2,1]))
(>[1,2,3](AnchorIncubator[4,5,6,7,8,9,10,1,2,11,12,3,13,14])(in2[2,3,1]))
(>[1,2,3](AnchorIncubator[4,5,6,7,8,9,10,1,2,11,12,3,13,14])(in2[3,2,1]))
(>[1,2,3](AnchorIncubator[4,5,6,7,8,9,10,1,2,11,3,12,13,14])(in2[2,3,1]))
(>[1,2,3](AnchorIncubator[4,5,6,7,8,9,10,1,2,11,3,12,13,14])(in2[3,2,1]))
(>[1,2,3](AnchorIncubator[4,5,6,7,8,9,10,1,2,3,11,12,13,14])(in2[2,3,1]))
(>[1,2,3](AnchorIncubator[4,5,6,7,8,9,10,1,2,3,11,12,13,14])(in2[3,2,1]))
(>[1,2](AnchorIncubator[3,1,4,5,6,7,8,2,9,10,11,12,13,14])(in2[1,1,2]))
(>[1,2](AnchorIncubator[3,4,5,6,7,1,8,2,9,10,11,12,13,14])(in2[1,1,2]))
(>[1,2](AnchorIncubator[3,4,5,6,7,8,1,2,9,10,11,12,13,14])(in2[1,1,2]))
(>[1,2](AnchorIncubator[3,4,5,6,7,8,9,1,10,11,12,13,14,2])(in2[2,2,1]))
(>[1,2](AnchorIncubator[3,4,5,6,7,8,9,1,10,11,12,13,2,14])(in2[2,2,1]))
(>[1,2](AnchorIncubator[3,4,5,6,7,8,9,1,10,11,12,2,13,14])(in2[2,2,1]))
(>[1,2](AnchorIncubator[3,4,5,6,7,8,9,1,10,11,2,12,13,14])(in2[2,2,1]))
(>[1,2](AnchorIncubator[3,4,5,6,7,8,9,1,10,2,11,12,13,14])(in2[2,2,1]))
(>[1,2](AnchorIncubator[3,4,5,6,7,8,9,1,2,10,11,12,13,14])(in2[2,2,1]))
