(>[1,2,3,4,6,7,8](AnchorIncubator[1,2,3,4,5,6,7,8,9,10,11,12,13,14])(>[15](fold[1,3,4,8,2,6,15])(=[15,7])))
(>[1,2,3,4,6,7,8](AnchorIncubator[1,2,3,4,5,6,7,8,9,10,11,12,13,14])(>[15](fold[1,3,4,8,2,7,15])(=[15,6])))
(>[1,2,3,4,6,8,10](AnchorIncubator[1,2,3,4,5,6,7,8,9,10,11,12,13,14])(>[15](fold[1,3,4,8,2,10,15])(=[15,6])))
(>[1,2,3,4,6,8,10](AnchorIncubator[1,2,3,4,5,6,7,8,9,10,11,12,13,14])(>[15](fold[1,3,4,8,2,6,15])(=[15,10])))
(>[1,2,3,4,6,8,11](AnchorIncubator[1,2,3,4,5,6,7,8,9,10,11,12,13,14])(>[15](fold[1,3,4,8,2,11,15])(=[15,6])))
(>[1,2,3,4,6,8,11](AnchorIncubator[1,2,3,4,5,6,7,8,9,10,11,12,13,14])(>[15](fold[1,3,4,8,2,6,15])(=[15,11])))
(>[1,2,3,4,6,8,12](AnchorIncubator[1,2,3,4,5,6,7,8,9,10,11,12,13,14])(>[15](fold[1,3,4,8,2,12,15])(=[15,6])))
(>[1,2,3,4,6,8,12](AnchorIncubator[1,2,3,4,5,6,7,8,9,10,11,12,13,14])(>[15](fold[1,3,4,8,2,6,15])(=[15,12])))
(>[1,2,3,4,6,8,13](AnchorIncubator[1,2,3,4,5,6,7,8,9,10,11,12,13,14])(>[15](fold[1,3,4,8,2,13,15])(=[15,6])))
(>[1,2,3,4,6,8,13](AnchorIncubator[1,2,3,4,5,6,7,8,9,10,11,12,13,14])(>[15](fold[1,3,4,8,2,6,15])(=[15,13])))
(>[1,2,3,4,6,8,14](AnchorIncubator[1,2,3,4,5,6,7,8,9,10,11,12,13,14])(>[15](fold[1,3,4,8,2,14,15])(=[15,6])))
(>[1,2,3,4,6,8,14](AnchorIncubator[1,2,3,4,5,6,7,8,9,10,11,12,13,14])(>[15](fold[1,3,4,8,2,6,15])(=[15,14])))
(>[1,2,3,4,6,8,9](AnchorIncubator[1,2,3,4,5,6,7,8,9,10,11,12,13,14])(>[15](fold[1,3,4,8,2,6,15])(=[15,9])))
(>[1,2,3,4,6,8,9](AnchorIncubator[1,2,3,4,5,6,7,8,9,10,11,12,13,14])(>[15](fold[1,3,4,8,2,9,15])(=[15,6])))
(>[1,2,3,4,6,8](AnchorIncubator[1,2,3,4,5,6,7,8,9,10,11,12,13,14])(>[15](fold[1,3,4,8,2,2,15])(=[15,6])))
(>[1,2,3,4,6,8](AnchorIncubator[1,2,3,4,5,6,7,8,9,10,11,12,13,14])(>[15](fold[1,3,4,8,2,6,15])(=[15,2])))
(>[1,2,3,4,6,8](AnchorIncubator[1,2,3,4,5,6,7,8,9,10,11,12,13,14])(>[15](fold[1,3,4,8,2,6,15])(=[15,6])))
(>[1,2,3,4,7,8,10](AnchorIncubator[1,2,3,4,5,6,7,8,9,10,11,12,13,14])(>[15](fold[1,3,4,8,2,10,15])(=[15,7])))
(>[1,2,3,4,7,8,10](AnchorIncubator[1,2,3,4,5,6,7,8,9,10,11,12,13,14])(>[15](fold[1,3,4,8,2,7,15])(=[15,10])))
(>[1,2,3,4,7,8,11](AnchorIncubator[1,2,3,4,5,6,7,8,9,10,11,12,13,14])(>[15](fold[1,3,4,8,2,11,15])(=[15,7])))
(>[1,2,3,4,7,8,11](AnchorIncubator[1,2,3,4,5,6,7,8,9,10,11,12,13,14])(>[15](fold[1,3,4,8,2,7,15])(=[15,11])))
(>[1,2,3,4,7,8,12](AnchorIncubator[1,2,3,4,5,6,7,8,9,10,11,12,13,14])(>[15](fold[1,3,4,8,2,12,15])(=[15,7])))
(>[1,2,3,4,7,8,12](AnchorIncubator[1,2,3,4,5,6,7,8,9,10,11,12,13,14])(>[15](fold[1,3,4,8,2,7,15])(=[15,12])))
(>[1,2,3,4,7,8,13](AnchorIncubator[1,2,3,4,5,6,7,8,9,10,11,12,13,14])(>[15](fold[1,3,4,8,2,13,15])(=[15,7])))
(>[1,2,3,4,7,8,13](AnchorIncubator[1,2,3,4,5,6,7,8,9,10,11,12,13,14])(>[15](fold[1,3,4,8,2,7,15])(=[15,13])))
(>[1,2,3,4,7,8,14](AnchorIncubator[1,2,3,4,5,6,7,8,9,10,11,12,13,14])(>[15](fold[1,3,4,8,2,14,15])(=[15,7])))
(>[1,2,3,4,7,8,14](AnchorIncubator[1,2,3,4,5,6,7,8,9,10,11,12,13,14])(>[15](fold[1,3,4,8,2,7,15])(=[15,14])))
(>[1,2,3,4,7,8,9](AnchorIncubator[1,2,3,4,5,6,7,8,9,10,11,12,13,14])(>[15](fold[1,3,4,8,2,7,15])(=[15,9])))
(>[1,2,3,4,7,8,9](AnchorIncubator[1,2,3,4,5,6,7,8,9,10,11,12,13,14])(>[15](fold[1,3,4,8,2,9,15])(=[15,7])))
(>[1,2,3,4,7,8](AnchorIncubator[1,2,3,4,5,6,7,8,9,10,11,12,13,14])(>[15](fold[1,3,4,8,2,2,15])(=[15,7])))
(>[1,2,3,4,7,8](AnchorIncubator[1,2,3,4,5,6,7,8,9,10,11,12,13,14])(>[15](fold[1,3,4,8,2,7,15])(=[15,2])))
(>[1,2,3,4,7,8](AnchorIncubator[1,2,3,4,5,6,7,8,9,10,11,12,13,14])(>[15](fold[1,3,4,8,2,7,15])(=[15,7])))
(>[1,2,3,4,8,10,11](AnchorIncubator[1,2,3,4,5,6,7,8,9,10,11,12,13,14])(>[15](fold[1,3,4,8,2,10,15])(=[15,11])))
(>[1,2,3,4,8,10,11](AnchorIncubator[1,2,3,4,5,6,7,8,9,10,11,12,13,14])(>[15](fold[1,3,4,8,2,11,15])(=[15,10])))
(>[1,2,3,4,8,10,12](AnchorIncubator[1,2,3,4,5,6,7,8,9,10,11,12,13,14])(>[15](fold[1,3,4,8,2,10,15])(=[15,12])))
(>[1,2,3,4,8,10,12](AnchorIncubator[1,2,3,4,5,6,7,8,9,10,11,12,13,14])(>[15](fold[1,3,4,8,2,12,15])(=[15,10])))
(>[1,2,3,4,8,10,13](AnchorIncubator[1,2,3,4,5,6,7,8,9,10,11,12,13,14])(>[15](fold[1,3,4,8,2,10,15])(=[15,13])))
(>[1,2,3,4,8,10,13](AnchorIncubator[1,2,3,4,5,6,7,8,9,10,11,12,13,14])(>[15](fold[1,3,4,8,2,13,15])(=[15,10])))
(>[1,2,3,4,8,10,14](AnchorIncubator[1,2,3,4,5,6,7,8,9,10,11,12,13,14])(>[15](fold[1,3,4,8,2,10,15])(=[15,14])))
(>[1,2,3,4,8,10,14](AnchorIncubator[1,2,3,4,5,6,7,8,9,10,11,12,13,14])(>[15](fold[1,3,4,8,2,14,15])(=[15,10])))
(>[1,2,3,4,8,10](AnchorIncubator[1,2,3,4,5,6,7,8,9,10,11,12,13,14])(>[15](fold[1,3,4,8,2,10,15])(=[15,10])))
(>[1,2,3,4,8,10](AnchorIncubator[1,2,3,4,5,6,7,8,9,10,11,12,13,14])(>[15](fold[1,3,4,8,2,10,15])(=[15,2])))
(>[1,2,3,4,8,10](AnchorIncubator[1,2,3,4,5,6,7,8,9,10,11,12,13,14])(>[15](fold[1,3,4,8,2,2,15])(=[15,10])))
(>[1,2,3,4,8,11,12](AnchorIncubator[1,2,3,4,5,6,7,8,9,10,11,12,13,14])(>[15](fold[1,3,4,8,2,11,15])(=[15,12])))
(>[1,2,3,4,8,11,12](AnchorIncubator[1,2,3,4,5,6,7,8,9,10,11,12,13,14])(>[15](fold[1,3,4,8,2,12,15])(=[15,11])))
(>[1,2,3,4,8,11,13](AnchorIncubator[1,2,3,4,5,6,7,8,9,10,11,12,13,14])(>[15](fold[1,3,4,8,2,11,15])(=[15,13])))
(>[1,2,3,4,8,11,13](AnchorIncubator[1,2,3,4,5,6,7,8,9,10,11,12,13,14])(>[15](fold[1,3,4,8,2,13,15])(=[15,11])))
(>[1,2,3,4,8,11,14](AnchorIncubator[1,2,3,4,5,6,7,8,9,10,11,12,13,14])(>[15](fold[1,3,4,8,2,11,15])(=[15,14])))
(>[1,2,3,4,8,11,14](AnchorIncubator[1,2,3,4,5,6,7,8,9,10,11,12,13,14])(>[15](fold[1,3,4,8,2,14,15])(=[15,11])))
(>[1,2,3,4,8,11](AnchorIncubator[1,2,3,4,5,6,7,8,9,10,11,12,13,14])(>[15](fold[1,3,4,8,2,11,15])(=[15,11])))
(>[1,2,3,4,8,11](AnchorIncubator[1,2,3,4,5,6,7,8,9,10,11,12,13,14])(>[15](fold[1,3,4,8,2,11,15])(=[15,2])))
(>[1,2,3,4,8,11](AnchorIncubator[1,2,3,4,5,6,7,8,9,10,11,12,13,14])(>[15](fold[1,3,4,8,2,2,15])(=[15,11])))
(>[1,2,3,4,8,12,13](AnchorIncubator[1,2,3,4,5,6,7,8,9,10,11,12,13,14])(>[15](fold[1,3,4,8,2,12,15])(=[15,13])))
(>[1,2,3,4,8,12,13](AnchorIncubator[1,2,3,4,5,6,7,8,9,10,11,12,13,14])(>[15](fold[1,3,4,8,2,13,15])(=[15,12])))
(>[1,2,3,4,8,12,14](AnchorIncubator[1,2,3,4,5,6,7,8,9,10,11,12,13,14])(>[15](fold[1,3,4,8,2,12,15])(=[15,14])))
(>[1,2,3,4,8,12,14](AnchorIncubator[1,2,3,4,5,6,7,8,9,10,11,12,13,14])(>[15](fold[1,3,4,8,2,14,15])(=[15,12])))
(>[1,2,3,4,8,12](AnchorIncubator[1,2,3,4,5,6,7,8,9,10,11,12,13,14])(>[15](fold[1,3,4,8,2,12,15])(=[15,12])))
(>[1,2,3,4,8,12](AnchorIncubator[1,2,3,4,5,6,7,8,9,10,11,12,13,14])(>[15](fold[1,3,4,8,2,12,15])(=[15,2])))
(>[1,2,3,4,8,12](AnchorIncubator[1,2,3,4,5,6,7,8,9,10,11,12,13,14])(>[15](fold[1,3,4,8,2,2,15])(=[15,12])))
(>[1,2,3,4,8,13,14](AnchorIncubator[1,2,3,4,5,6,7,8,9,10,11,12,13,14])(>[15](fold[1,3,4,8,2,13,15])(=[15,14])))
(>[1,2,3,4,8,13,14](AnchorIncubator[1,2,3,4,5,6,7,8,9,10,11,12,13,14])(>[15](fold[1,3,4,8,2,14,15])(=[15,13])))
(>[1,2,3,4,8,13](AnchorIncubator[1,2,3,4,5,6,7,8,9,10,11,12,13,14])(>[15](fold[1,3,4,8,2,13,15])(=[15,13])))
(>[1,2,3,4,8,13](AnchorIncubator[1,2,3,4,5,6,7,8,9,10,11,12,13,14])(>[15](fold[1,3,4,8,2,13,15])(=[15,2])))
(>[1,2,3,4,8,13](AnchorIncubator[1,2,3,4,5,6,7,8,9,10,11,12,13,14])(>[15](fold[1,3,4,8,2,2,15])(=[15,13])))
(>[1,2,3,4,8,14](AnchorIncubator[1,2,3,4,5,6,7,8,9,10,11,12,13,14])(>[15](fold[1,3,4,8,2,14,15])(=[15,14])))
(>[1,2,3,4,8,14](AnchorIncubator[1,2,3,4,5,6,7,8,9,10,11,12,13,14])(>[15](fold[1,3,4,8,2,14,15])(=[15,2])))
(>[1,2,3,4,8,14](AnchorIncubator[1,2,3,4,5,6,7,8,9,10,11,12,13,14])(>[15](fold[1,3,4,8,2,2,15])(=[15,14])))
(>[1,2,3,4,8,9,10](AnchorIncubator[1,2,3,4,5,6,7,8,9,10,11,12,13,14])(>[15](fold[1,3,4,8,2,10,15])(=[15,9])))
(>[1,2,3,4,8,9,10](AnchorIncubator[1,2,3,4,5,6,7,8,9,10,11,12,13,14])(>[15](fold[1,3,4,8,2,9,15])(=[15,10])))
(>[1,2,3,4,8,9,11](AnchorIncubator[1,2,3,4,5,6,7,8,9,10,11,12,13,14])(>[15](fold[1,3,4,8,2,11,15])(=[15,9])))
(>[1,2,3,4,8,9,11](AnchorIncubator[1,2,3,4,5,6,7,8,9,10,11,12,13,14])(>[15](fold[1,3,4,8,2,9,15])(=[15,11])))
(>[1,2,3,4,8,9,12](AnchorIncubator[1,2,3,4,5,6,7,8,9,10,11,12,13,14])(>[15](fold[1,3,4,8,2,12,15])(=[15,9])))
(>[1,2,3,4,8,9,12](AnchorIncubator[1,2,3,4,5,6,7,8,9,10,11,12,13,14])(>[15](fold[1,3,4,8,2,9,15])(=[15,12])))
(>[1,2,3,4,8,9,13](AnchorIncubator[1,2,3,4,5,6,7,8,9,10,11,12,13,14])(>[15](fold[1,3,4,8,2,13,15])(=[15,9])))
(>[1,2,3,4,8,9,13](AnchorIncubator[1,2,3,4,5,6,7,8,9,10,11,12,13,14])(>[15](fold[1,3,4,8,2,9,15])(=[15,13])))
(>[1,2,3,4,8,9,14](AnchorIncubator[1,2,3,4,5,6,7,8,9,10,11,12,13,14])(>[15](fold[1,3,4,8,2,14,15])(=[15,9])))
(>[1,2,3,4,8,9,14](AnchorIncubator[1,2,3,4,5,6,7,8,9,10,11,12,13,14])(>[15](fold[1,3,4,8,2,9,15])(=[15,14])))
(>[1,2,3,4,8,9](AnchorIncubator[1,2,3,4,5,6,7,8,9,10,11,12,13,14])(>[15](fold[1,3,4,8,2,2,15])(=[15,9])))
(>[1,2,3,4,8,9](AnchorIncubator[1,2,3,4,5,6,7,8,9,10,11,12,13,14])(>[15](fold[1,3,4,8,2,9,15])(=[15,2])))
(>[1,2,3,4,8,9](AnchorIncubator[1,2,3,4,5,6,7,8,9,10,11,12,13,14])(>[15](fold[1,3,4,8,2,9,15])(=[15,9])))
(>[1,2,3,4,8](AnchorIncubator[1,2,3,4,5,6,7,8,9,10,11,12,13,14])(>[15](fold[1,3,4,8,2,2,15])(=[15,2])))
(>[1,2,4,10](AnchorIncubator[1,2,3,4,5,6,7,8,9,10,11,12,13,14])(preorder[1,4,10,2]))
(>[1,2,4,10](AnchorIncubator[1,2,3,4,5,6,7,8,9,10,11,12,13,14])(preorder[1,4,2,10]))
(>[1,2,4,11](AnchorIncubator[1,2,3,4,5,6,7,8,9,10,11,12,13,14])(preorder[1,4,11,2]))
(>[1,2,4,11](AnchorIncubator[1,2,3,4,5,6,7,8,9,10,11,12,13,14])(preorder[1,4,2,11]))
(>[1,2,4,12](AnchorIncubator[1,2,3,4,5,6,7,8,9,10,11,12,13,14])(preorder[1,4,12,2]))
(>[1,2,4,12](AnchorIncubator[1,2,3,4,5,6,7,8,9,10,11,12,13,14])(preorder[1,4,2,12]))
(>[1,2,4,13](AnchorIncubator[1,2,3,4,5,6,7,8,9,10,11,12,13,14])(preorder[1,4,13,2]))
(>[1,2,4,13](AnchorIncubator[1,2,3,4,5,6,7,8,9,10,11,12,13,14])(preorder[1,4,2,13]))
(>[1,2,4,14](AnchorIncubator[1,2,3,4,5,6,7,8,9,10,11,12,13,14])(preorder[1,4,14,2]))
(>[1,2,4,14](AnchorIncubator[1,2,3,4,5,6,7,8,9,10,11,12,13,14])(preorder[1,4,2,14]))
(>[1,2,4,6](AnchorIncubator[1,2,3,4,5,6,7,8,9,10,11,12,13,14])(preorder[1,4,2,6]))
(>[1,2,4,6](AnchorIncubator[1,2,3,4,5,6,7,8,9,10,11,12,13,14])(preorder[1,4,6,2]))
(>[1,2,4,7](AnchorIncubator[1,2,3,4,5,6,7,8,9,10,11,12,13,14])(preorder[1,4,2,7]))
(>[1,2,4,7](AnchorIncubator[1,2,3,4,5,6,7,8,9,10,11,12,13,14])(preorder[1,4,7,2]))
(>[1,2,4,9](AnchorIncubator[1,2,3,4,5,6,7,8,9,10,11,12,13,14])(preorder[1,4,2,9]))
(>[1,2,4,9](AnchorIncubator[1,2,3,4,5,6,7,8,9,10,11,12,13,14])(preorder[1,4,9,2]))
(>[1,2,4](AnchorIncubator[1,2,3,4,5,6,7,8,9,10,11,12,13,14])(preorder[1,4,2,2]))
(>[1,4,10,11](AnchorIncubator[1,2,3,4,5,6,7,8,9,10,11,12,13,14])(preorder[1,4,10,11]))
(>[1,4,10,11](AnchorIncubator[1,2,3,4,5,6,7,8,9,10,11,12,13,14])(preorder[1,4,11,10]))
(>[1,4,10,12](AnchorIncubator[1,2,3,4,5,6,7,8,9,10,11,12,13,14])(preorder[1,4,10,12]))
(>[1,4,10,12](AnchorIncubator[1,2,3,4,5,6,7,8,9,10,11,12,13,14])(preorder[1,4,12,10]))
(>[1,4,10,13](AnchorIncubator[1,2,3,4,5,6,7,8,9,10,11,12,13,14])(preorder[1,4,10,13]))
(>[1,4,10,13](AnchorIncubator[1,2,3,4,5,6,7,8,9,10,11,12,13,14])(preorder[1,4,13,10]))
(>[1,4,10,14](AnchorIncubator[1,2,3,4,5,6,7,8,9,10,11,12,13,14])(preorder[1,4,10,14]))
(>[1,4,10,14](AnchorIncubator[1,2,3,4,5,6,7,8,9,10,11,12,13,14])(preorder[1,4,14,10]))
(>[1,4,10](AnchorIncubator[1,2,3,4,5,6,7,8,9,10,11,12,13,14])(preorder[1,4,10,10]))
(>[1,4,11,12](AnchorIncubator[1,2,3,4,5,6,7,8,9,10,11,12,13,14])(preorder[1,4,11,12]))
(>[1,4,11,12](AnchorIncubator[1,2,3,4,5,6,7,8,9,10,11,12,13,14])(preorder[1,4,12,11]))
(>[1,4,11,13](AnchorIncubator[1,2,3,4,5,6,7,8,9,10,11,12,13,14])(preorder[1,4,11,13]))
(>[1,4,11,13](AnchorIncubator[1,2,3,4,5,6,7,8,9,10,11,12,13,14])(preorder[1,4,13,11]))
(>[1,4,11,14](AnchorIncubator[1,2,3,4,5,6,7,8,9,10,11,12,13,14])(preorder[1,4,11,14]))
(>[1,4,11,14](AnchorIncubator[1,2,3,4,5,6,7,8,9,10,11,12,13,14])(preorder[1,4,14,11]))
(>[1,4,11](AnchorIncubator[1,2,3,4,5,6,7,8,9,10,11,12,13,14])(preorder[1,4,11,11]))
(>[1,4,12,13](AnchorIncubator[1,2,3,4,5,6,7,8,9,10,11,12,13,14])(preorder[1,4,12,13]))
(>[1,4,12,13](AnchorIncubator[1,2,3,4,5,6,7,8,9,10,11,12,13,14])(preorder[1,4,13,12]))
(>[1,4,12,14](AnchorIncubator[1,2,3,4,5,6,7,8,9,10,11,12,13,14])(preorder[1,4,12,14]))
(>[1,4,12,14](AnchorIncubator[1,2,3,4,5,6,7,8,9,10,11,12,13,14])(preorder[1,4,14,12]))
(>[1,4,12](AnchorIncubator[1,2,3,4,5,6,7,8,9,10,11,12,13,14])(preorder[1,4,12,12]))
(>[1,4,13,14](AnchorIncubator[1,2,3,4,5,6,7,8,9,10,11,12,13,14])(preorder[1,4,13,14]))
(>[1,4,13,14](AnchorIncubator[1,2,3,4,5,6,7,8,9,10,11,12,13,14])(preorder[1,4,14,13]))
(>[1,4,13](AnchorIncubator[1,2,3,4,5,6,7,8,9,10,11,12,13,14])(preorder[1,4,13,13]))
(>[1,4,14](AnchorIncubator[1,2,3,4,5,6,7,8,9,10,11,12,13,14])(preorder[1,4,14,14]))
(>[1,4,6,10](AnchorIncubator[1,2,3,4,5,6,7,8,9,10,11,12,13,14])(preorder[1,4,10,6]))
(>[1,4,6,10](AnchorIncubator[1,2,3,4,5,6,7,8,9,10,11,12,13,14])(preorder[1,4,6,10]))
(>[1,4,6,11](AnchorIncubator[1,2,3,4,5,6,7,8,9,10,11,12,13,14])(preorder[1,4,11,6]))
(>[1,4,6,11](AnchorIncubator[1,2,3,4,5,6,7,8,9,10,11,12,13,14])(preorder[1,4,6,11]))
(>[1,4,6,12](AnchorIncubator[1,2,3,4,5,6,7,8,9,10,11,12,13,14])(preorder[1,4,12,6]))
(>[1,4,6,12](AnchorIncubator[1,2,3,4,5,6,7,8,9,10,11,12,13,14])(preorder[1,4,6,12]))
(>[1,4,6,13](AnchorIncubator[1,2,3,4,5,6,7,8,9,10,11,12,13,14])(preorder[1,4,13,6]))
(>[1,4,6,13](AnchorIncubator[1,2,3,4,5,6,7,8,9,10,11,12,13,14])(preorder[1,4,6,13]))
(>[1,4,6,14](AnchorIncubator[1,2,3,4,5,6,7,8,9,10,11,12,13,14])(preorder[1,4,14,6]))
(>[1,4,6,14](AnchorIncubator[1,2,3,4,5,6,7,8,9,10,11,12,13,14])(preorder[1,4,6,14]))
(>[1,4,6,7](AnchorIncubator[1,2,3,4,5,6,7,8,9,10,11,12,13,14])(preorder[1,4,6,7]))
(>[1,4,6,7](AnchorIncubator[1,2,3,4,5,6,7,8,9,10,11,12,13,14])(preorder[1,4,7,6]))
(>[1,4,6,9](AnchorIncubator[1,2,3,4,5,6,7,8,9,10,11,12,13,14])(preorder[1,4,6,9]))
(>[1,4,6,9](AnchorIncubator[1,2,3,4,5,6,7,8,9,10,11,12,13,14])(preorder[1,4,9,6]))
(>[1,4,6](AnchorIncubator[1,2,3,4,5,6,7,8,9,10,11,12,13,14])(preorder[1,4,6,6]))
(>[1,4,7,10](AnchorIncubator[1,2,3,4,5,6,7,8,9,10,11,12,13,14])(preorder[1,4,10,7]))
(>[1,4,7,10](AnchorIncubator[1,2,3,4,5,6,7,8,9,10,11,12,13,14])(preorder[1,4,7,10]))
(>[1,4,7,11](AnchorIncubator[1,2,3,4,5,6,7,8,9,10,11,12,13,14])(preorder[1,4,11,7]))
(>[1,4,7,11](AnchorIncubator[1,2,3,4,5,6,7,8,9,10,11,12,13,14])(preorder[1,4,7,11]))
(>[1,4,7,12](AnchorIncubator[1,2,3,4,5,6,7,8,9,10,11,12,13,14])(preorder[1,4,12,7]))
(>[1,4,7,12](AnchorIncubator[1,2,3,4,5,6,7,8,9,10,11,12,13,14])(preorder[1,4,7,12]))
(>[1,4,7,13](AnchorIncubator[1,2,3,4,5,6,7,8,9,10,11,12,13,14])(preorder[1,4,13,7]))
(>[1,4,7,13](AnchorIncubator[1,2,3,4,5,6,7,8,9,10,11,12,13,14])(preorder[1,4,7,13]))
(>[1,4,7,14](AnchorIncubator[1,2,3,4,5,6,7,8,9,10,11,12,13,14])(preorder[1,4,14,7]))
(>[1,4,7,14](AnchorIncubator[1,2,3,4,5,6,7,8,9,10,11,12,13,14])(preorder[1,4,7,14]))
(>[1,4,7,9](AnchorIncubator[1,2,3,4,5,6,7,8,9,10,11,12,13,14])(preorder[1,4,7,9]))
(>[1,4,7,9](AnchorIncubator[1,2,3,4,5,6,7,8,9,10,11,12,13,14])(preorder[1,4,9,7]))
(>[1,4,7](AnchorIncubator[1,2,3,4,5,6,7,8,9,10,11,12,13,14])(preorder[1,4,7,7]))
(>[1,4,9,10](AnchorIncubator[1,2,3,4,5,6,7,8,9,10,11,12,13,14])(preorder[1,4,10,9]))
(>[1,4,9,10](AnchorIncubator[1,2,3,4,5,6,7,8,9,10,11,12,13,14])(preorder[1,4,9,10]))
(>[1,4,9,11](AnchorIncubator[1,2,3,4,5,6,7,8,9,10,11,12,13,14])(preorder[1,4,11,9]))
(>[1,4,9,11](AnchorIncubator[1,2,3,4,5,6,7,8,9,10,11,12,13,14])(preorder[1,4,9,11]))
(>[1,4,9,12](AnchorIncubator[1,2,3,4,5,6,7,8,9,10,11,12,13,14])(preorder[1,4,12,9]))
(>[1,4,9,12](AnchorIncubator[1,2,3,4,5,6,7,8,9,10,11,12,13,14])(preorder[1,4,9,12]))
(>[1,4,9,13](AnchorIncubator[1,2,3,4,5,6,7,8,9,10,11,12,13,14])(preorder[1,4,13,9]))
(>[1,4,9,13](AnchorIncubator[1,2,3,4,5,6,7,8,9,10,11,12,13,14])(preorder[1,4,9,13]))
(>[1,4,9,14](AnchorIncubator[1,2,3,4,5,6,7,8,9,10,11,12,13,14])(preorder[1,4,14,9]))
(>[1,4,9,14](AnchorIncubator[1,2,3,4,5,6,7,8,9,10,11,12,13,14])(preorder[1,4,9,14]))
(>[1,4,9](AnchorIncubator[1,2,3,4,5,6,7,8,9,10,11,12,13,14])(preorder[1,4,9,9]))
(>[2,6,8](AnchorIncubator[1,2,3,4,5,6,7,8,9,10,11,12,13,14])(>[15](in2[2,15,8])(=[15,6])))
(>[2,6,8](AnchorIncubator[1,2,3,4,5,6,7,8,9,10,11,12,13,14])(>[15](in2[6,15,8])(=[15,2])))
(>[2,7,8](AnchorIncubator[1,2,3,4,5,6,7,8,9,10,11,12,13,14])(>[15](in2[2,15,8])(=[15,7])))
(>[2,7,8](AnchorIncubator[1,2,3,4,5,6,7,8,9,10,11,12,13,14])(>[15](in2[7,15,8])(=[15,2])))
(>[2,8,10](AnchorIncubator[1,2,3,4,5,6,7,8,9,10,11,12,13,14])(>[15](in2[10,15,8])(=[15,2])))
(>[2,8,10](AnchorIncubator[1,2,3,4,5,6,7,8,9,10,11,12,13,14])(>[15](in2[2,15,8])(=[15,10])))
(>[2,8,11](AnchorIncubator[1,2,3,4,5,6,7,8,9,10,11,12,13,14])(>[15](in2[11,15,8])(=[15,2])))
(>[2,8,11](AnchorIncubator[1,2,3,4,5,6,7,8,9,10,11,12,13,14])(>[15](in2[2,15,8])(=[15,11])))
(>[2,8,12](AnchorIncubator[1,2,3,4,5,6,7,8,9,10,11,12,13,14])(>[15](in2[12,15,8])(=[15,2])))
(>[2,8,12](AnchorIncubator[1,2,3,4,5,6,7,8,9,10,11,12,13,14])(>[15](in2[2,15,8])(=[15,12])))
(>[2,8,13](AnchorIncubator[1,2,3,4,5,6,7,8,9,10,11,12,13,14])(>[15](in2[13,15,8])(=[15,2])))
(>[2,8,13](AnchorIncubator[1,2,3,4,5,6,7,8,9,10,11,12,13,14])(>[15](in2[2,15,8])(=[15,13])))
(>[2,8,14](AnchorIncubator[1,2,3,4,5,6,7,8,9,10,11,12,13,14])(>[15](in2[14,15,8])(=[15,2])))
(>[2,8,14](AnchorIncubator[1,2,3,4,5,6,7,8,9,10,11,12,13,14])(>[15](in2[2,15,8])(=[15,14])))
(>[2,8,9](AnchorIncubator[1,2,3,4,5,6,7,8,9,10,11,12,13,14])(>[15](in2[2,15,8])(=[15,9])))
(>[2,8,9](AnchorIncubator[1,2,3,4,5,6,7,8,9,10,11,12,13,14])(>[15](in2[9,15,8])(=[15,2])))
(>[2,8](AnchorIncubator[1,2,3,4,5,6,7,8,9,10,11,12,13,14])(>[15](in2[2,15,8])(=[15,2])))
(>[6,7,8](AnchorIncubator[1,2,3,4,5,6,7,8,9,10,11,12,13,14])(>[15](in2[6,15,8])(=[15,7])))
(>[6,7,8](AnchorIncubator[1,2,3,4,5,6,7,8,9,10,11,12,13,14])(>[15](in2[7,15,8])(=[15,6])))
(>[6,8,10](AnchorIncubator[1,2,3,4,5,6,7,8,9,10,11,12,13,14])(>[15](in2[10,15,8])(=[15,6])))
(>[6,8,10](AnchorIncubator[1,2,3,4,5,6,7,8,9,10,11,12,13,14])(>[15](in2[6,15,8])(=[15,10])))
(>[6,8,11](AnchorIncubator[1,2,3,4,5,6,7,8,9,10,11,12,13,14])(>[15](in2[11,15,8])(=[15,6])))
(>[6,8,11](AnchorIncubator[1,2,3,4,5,6,7,8,9,10,11,12,13,14])(>[15](in2[6,15,8])(=[15,11])))
(>[6,8,12](AnchorIncubator[1,2,3,4,5,6,7,8,9,10,11,12,13,14])(>[15](in2[12,15,8])(=[15,6])))
(>[6,8,12](AnchorIncubator[1,2,3,4,5,6,7,8,9,10,11,12,13,14])(>[15](in2[6,15,8])(=[15,12])))
(>[6,8,13](AnchorIncubator[1,2,3,4,5,6,7,8,9,10,11,12,13,14])(>[15](in2[13,15,8])(=[15,6])))
(>[6,8,13](AnchorIncubator[1,2,3,4,5,6,7,8,9,10,11,12,13,14])(>[15](in2[6,15,8])(=[15,13])))
(>[6,8,14](AnchorIncubator[1,2,3,4,5,6,7,8,9,10,11,12,13,14])(>[15](in2[14,15,8])(=[15,6])))
(>[6,8,14](AnchorIncubator[1,2,3,4,5,6,7,8,9,10,11,12,13,14])(>[15](in2[6,15,8])(=[15,14])))
(>[6,8,9](AnchorIncubator[1,2,3,4,5,6,7,8,9,10,11,12,13,14])(>[15](in2[6,15,8])(=[15,9])))
(>[6,8,9](AnchorIncubator[1,2,3,4,5,6,7,8,9,10,11,12,13,14])(>[15](in2[9,15,8])(=[15,6])))
(>[6,8](AnchorIncubator[1,2,3,4,5,6,7,8,9,10,11,12,13,14])(>[15](in2[6,15,8])(=[15,6])))
(>[7,8,10](AnchorIncubator[1,2,3,4,5,6,7,8,9,10,11,12,13,14])(>[15](in2[10,15,8])(=[15,7])))
(>[7,8,10](AnchorIncubator[1,2,3,4,5,6,7,8,9,10,11,12,13,14])(>[15](in2[7,15,8])(=[15,10])))
(>[7,8,11](AnchorIncubator[1,2,3,4,5,6,7,8,9,10,11,12,13,14])(>[15](in2[11,15,8])(=[15,7])))
(>[7,8,11](AnchorIncubator[1,2,3,4,5,6,7,8,9,10,11,12,13,14])(>[15](in2[7,15,8])(=[15,11])))
(>[7,8,12](AnchorIncubator[1,2,3,4,5,6,7,8,9,10,11,12,13,14])(>[15](in2[12,15,8])(=[15,7])))
(>[7,8,12](AnchorIncubator[1,2,3,4,5,6,7,8,9,10,11,12,13,14])(>[15](in2[7,15,8])(=[15,12])))
(>[7,8,13](AnchorIncubator[1,2,3,4,5,6,7,8,9,10,11,12,13,14])(>[15](in2[13,15,8])(=[15,7])))
(>[7,8,13](AnchorIncubator[1,2,3,4,5,6,7,8,9,10,11,12,13,14])(>[15](in2[7,15,8])(=[15,13])))
(>[7,8,14](AnchorIncubator[1,2,3,4,5,6,7,8,9,10,11,12,13,14])(>[15](in2[14,15,8])(=[15,7])))
(>[7,8,14](AnchorIncubator[1,2,3,4,5,6,7,8,9,10,11,12,13,14])(>[15](in2[7,15,8])(=[15,14])))
(>[7,8,9](AnchorIncubator[1,2,3,4,5,6,7,8,9,10,11,12,13,14])(>[15](in2[7,15,8])(=[15,9])))
(>[7,8,9](AnchorIncubator[1,2,3,4,5,6,7,8,9,10,11,12,13,14])(>[15](in2[9,15,8])(=[15,7])))
(>[7,8](AnchorIncubator[1,2,3,4,5,6,7,8,9,10,11,12,13,14])(>[15](in2[7,15,8])(=[15,7])))
(>[8,10,11](AnchorIncubator[1,2,3,4,5,6,7,8,9,10,11,12,13,14])(>[15](in2[10,15,8])(=[15,11])))
(>[8,10,11](AnchorIncubator[1,2,3,4,5,6,7,8,9,10,11,12,13,14])(>[15](in2[11,15,8])(=[15,10])))
(>[8,10,12](AnchorIncubator[1,2,3,4,5,6,7,8,9,10,11,12,13,14])(>[15](in2[10,15,8])(=[15,12])))
(>[8,10,12](AnchorIncubator[1,2,3,4,5,6,7,8,9,10,11,12,13,14])(>[15](in2[12,15,8])(=[15,10])))
(>[8,10,13](AnchorIncubator[1,2,3,4,5,6,7,8,9,10,11,12,13,14])(>[15](in2[10,15,8])(=[15,13])))
(>[8,10,13](AnchorIncubator[1,2,3,4,5,6,7,8,9,10,11,12,13,14])(>[15](in2[13,15,8])(=[15,10])))
(>[8,10,14](AnchorIncubator[1,2,3,4,5,6,7,8,9,10,11,12,13,14])(>[15](in2[10,15,8])(=[15,14])))
(>[8,10,14](AnchorIncubator[1,2,3,4,5,6,7,8,9,10,11,12,13,14])(>[15](in2[14,15,8])(=[15,10])))
(>[8,10](AnchorIncubator[1,2,3,4,5,6,7,8,9,10,11,12,13,14])(>[15](in2[10,15,8])(=[15,10])))
(>[8,11,12](AnchorIncubator[1,2,3,4,5,6,7,8,9,10,11,12,13,14])(>[15](in2[11,15,8])(=[15,12])))
(>[8,11,12](AnchorIncubator[1,2,3,4,5,6,7,8,9,10,11,12,13,14])(>[15](in2[12,15,8])(=[15,11])))
(>[8,11,13](AnchorIncubator[1,2,3,4,5,6,7,8,9,10,11,12,13,14])(>[15](in2[11,15,8])(=[15,13])))
(>[8,11,13](AnchorIncubator[1,2,3,4,5,6,7,8,9,10,11,12,13,14])(>[15](in2[13,15,8])(=[15,11])))
(>[8,11,14](AnchorIncubator[1,2,3,4,5,6,7,8,9,10,11,12,13,14])(>[15](in2[11,15,8])(=[15,14])))
(>[8,11,14](AnchorIncubator[1,2,3,4,5,6,7,8,9,10,11,12,13,14])(>[15](in2[14,15,8])(=[15,11])))
(>[8,11](AnchorIncubator[1,2,3,4,5,6,7,8,9,10,11,12,13,14])(>[15](in2[11,15,8])(=[15,11])))
(>[8,12,13](AnchorIncubator[1,2,3,4,5,6,7,8,9,10,11,12,13,14])(>[15](in2[12,15,8])(=[15,13])))
(>[8,12,13](AnchorIncubator[1,2,3,4,5,6,7,8,9,10,11,12,13,14])(>[15](in2[13,15,8])(=[15,12])))
(>[8,12,14](AnchorIncubator[1,2,3,4,5,6,7,8,9,10,11,12,13,14])(>[15](in2[12,15,8])(=[15,14])))
(>[8,12,14](AnchorIncubator[1,2,3,4,5,6,7,8,9,10,11,12,13,14])(>[15](in2[14,15,8])(=[15,12])))
(>[8,12](AnchorIncubator[1,2,3,4,5,6,7,8,9,10,11,12,13,14])(>[15](in2[12,15,8])(=[15,12])))
(>[8,13,14](AnchorIncubator[1,2,3,4,5,6,7,8,9,10,11,12,13,14])(>[15](in2[13,15,8])(=[15,14])))
(>[8,13,14](AnchorIncubator[1,2,3,4,5,6,7,8,9,10,11,12,13,14])(>[15](in2[14,15,8])(=[15,13])))
(>[8,13](AnchorIncubator[1,2,3,4,5,6,7,8,9,10,11,12,13,14])(>[15](in2[13,15,8])(=[15,13])))
(>[8,14](AnchorIncubator[1,2,3,4,5,6,7,8,9,10,11,12,13,14])(>[15](in2[14,15,8])(=[15,14])))
(>[8,9,10](AnchorIncubator[1,2,3,4,5,6,7,8,9,10,11,12,13,14])(>[15](in2[10,15,8])(=[15,9])))
(>[8,9,10](AnchorIncubator[1,2,3,4,5,6,7,8,9,10,11,12,13,14])(>[15](in2[9,15,8])(=[15,10])))
(>[8,9,11](AnchorIncubator[1,2,3,4,5,6,7,8,9,10,11,12,13,14])(>[15](in2[11,15,8])(=[15,9])))
(>[8,9,11](AnchorIncubator[1,2,3,4,5,6,7,8,9,10,11,12,13,14])(>[15](in2[9,15,8])(=[15,11])))
(>[8,9,12](AnchorIncubator[1,2,3,4,5,6,7,8,9,10,11,12,13,14])(>[15](in2[12,15,8])(=[15,9])))
(>[8,9,12](AnchorIncubator[1,2,3,4,5,6,7,8,9,10,11,12,13,14])(>[15](in2[9,15,8])(=[15,12])))
(>[8,9,13](AnchorIncubator[1,2,3,4,5,6,7,8,9,10,11,12,13,14])(>[15](in2[13,15,8])(=[15,9])))
(>[8,9,13](AnchorIncubator[1,2,3,4,5,6,7,8,9,10,11,12,13,14])(>[15](in2[9,15,8])(=[15,13])))
(>[8,9,14](AnchorIncubator[1,2,3,4,5,6,7,8,9,10,11,12,13,14])(>[15](in2[14,15,8])(=[15,9])))
(>[8,9,14](AnchorIncubator[1,2,3,4,5,6,7,8,9,10,11,12,13,14])(>[15](in2[9,15,8])(=[15,14])))
(>[8,9](AnchorIncubator[1,2,3,4,5,6,7,8,9,10,11,12,13,14])(>[15](in2[9,15,8])(=[15,9])))
(>[1,2,3,4,5,6](AnchorIncubator[1,2,3,4,5,6,7,8,9,10,11,12,13,14])(AnchorPeano[1,2,3,4,5,6]))
